HDF5 "./results/usecase5/microdomains/microdomains.h5" {
GROUP "/" {
   GROUP "data" {
      DATASET "neighbors" {
         DATATYPE  H5T_STD_I64LE
         DATASPACE  SIMPLE { ( 32 ) / ( 32 ) }
         DATA {
            -1, 3, 2, 1, -1, 0, 0, 2, -1, -1, 0, 1, 3, 1, -1, 2, 1, 1, -1, 0,
            -1, 1, 1, 2, 1, 2, 1, 0, 1, 2, 2, 2
         }
      }
      DATASET "points" {
         DATATYPE  H5T_IEEE_F32LE
         DATASPACE  SIMPLE { ( 32, 3 ) / ( 32, 3 ) }
         DATA {
            -924.491, 849.261, 366.477,
            -924.491, 849.261, 422.696,
            -1005.19, 849.261, 422.696,
            -1005.19, 849.261, 366.477,
            -924.491, 914.246, 366.477,
            -924.491, 914.246, 422.696,
            -1005.19, 914.246, 422.696,
            -1005.19, 914.246, 366.477,
            280.105, 311.785, -916.731,
            280.105, 311.785, -847.345,
            175.001, 311.785, -847.345,
            175.001, 311.785, -916.731,
            280.105, 399.675, -916.731,
            280.105, 399.675, -847.345,
            175.001, 399.675, -847.345,
            175.001, 399.675, -916.731,
            269.026, -332.84, 296.352,
            269.026, -332.84, 365.737,
            163.921, -332.84, 365.737,
            163.921, -332.84, 296.352,
            269.026, -244.949, 296.352,
            269.026, -244.949, 365.737,
            163.921, -244.949, 365.737,
            163.921, -244.949, 296.352,
            278.702, -177.792, 304.094,
            278.702, -177.792, 373.48,
            173.598, -177.792, 373.48,
            173.598, -177.792, 304.094,
            278.702, -89.9013, 304.094,
            278.702, -89.9013, 373.48,
            173.598, -89.9013, 373.48,
            173.598, -89.9013, 304.094
         }
      }
      DATASET "triangle_data" {
         DATATYPE  H5T_STD_I64LE
         DATASPACE  SIMPLE { ( 48, 4 ) / ( 48, 4 ) }
         DATA {
            0, 2, 3, 4,
            1, 8, 7, 6,
            2, 5, 6, 2,
            3, 6, 7, 3,
            4, 3, 7, 8,
            5, 1, 4, 8,
            6, 1, 2, 4,
            7, 5, 8, 6,
            8, 1, 5, 2,
            9, 2, 6, 3,
            10, 4, 3, 8,
            11, 5, 1, 8,
            12, 14, 15, 16,
            13, 20, 19, 18,
            14, 17, 18, 14,
            15, 18, 19, 15,
            16, 15, 19, 20,
            17, 13, 16, 20,
            18, 13, 14, 16,
            19, 17, 20, 18,
            20, 13, 17, 14,
            21, 14, 18, 15,
            22, 16, 15, 20,
            23, 17, 13, 20,
            24, 26, 27, 28,
            25, 32, 31, 30,
            26, 29, 30, 26,
            27, 30, 31, 27,
            28, 27, 31, 32,
            29, 25, 28, 32,
            30, 25, 26, 28,
            31, 29, 32, 30,
            32, 25, 29, 26,
            33, 26, 30, 27,
            34, 28, 27, 32,
            35, 29, 25, 32,
            36, 38, 39, 40,
            37, 44, 43, 42,
            38, 41, 42, 38,
            39, 42, 43, 39,
            40, 39, 43, 44,
            41, 37, 40, 44,
            42, 37, 38, 40,
            43, 41, 44, 42,
            44, 37, 41, 38,
            45, 38, 42, 39,
            46, 40, 39, 44,
            47, 41, 37, 44
         }
      }
   }
   DATASET "offsets" {
      DATATYPE  H5T_STD_I64LE
      DATASPACE  SIMPLE { ( 4, 3 ) / ( 4, 3 ) }
      DATA {
         0, 0, 0,
         8, 12, 4,
         16, 24, 8,
         24, 36, 12
      }
   }
}
}
