HDF5 "./results/usecase5/vasculature.h5" {
GROUP "/" {
   GROUP "nodes" {
      GROUP "vasculatureA" {
         GROUP "0" {
            GROUP "@library" {
               DATASET "model_type" {
                  DATATYPE  H5T_STRING {
                     STRSIZE H5T_VARIABLE;
                     STRPAD H5T_STR_NULLTERM;
                     CSET H5T_CSET_UTF8;
                     CTYPE H5T_C_S1;
                  }
                  DATASPACE  SIMPLE { ( 1 ) / ( 1 ) }
                  DATA {
                     "vasculature"
                  }
               }
            }
            DATASET "end_diameter" {
               DATATYPE  H5T_IEEE_F32LE
               DATASPACE  SIMPLE { ( 587 ) / ( 587 ) }
               DATA {
                  1.32287, 1.32287, 1.32287, 1.32287, 2.16243, 2.10429, 2.10429,
                  2.10429, 2.10429, 2.10429, 2.10429, 2.10429, 2.10429, 2.10429,
                  2.10429, 2.10429, 2.10429, 2.10429, 2.10429, 2.10429, 2.10429,
                  2.10429, 2.10429, 2.10429, 2.10429, 2.10429, 2.10429, 2.10429,
                  2.10429, 2.10429, 2.10429, 2.10429, 2.10429, 2.10429, 2.10429,
                  2.10429, 2.10429, 2.10429, 2.10429, 2.10429, 2.10429, 2.10429,
                  2.10429, 2.10429, 2.10429, 2.10429, 2.10429, 2.10429, 2.10429,
                  2.10429, 2.10429, 2.10429, 2.10429, 2.10429, 2.10429, 2.10429,
                  2.7426, 2.16243, 2.16243, 2.16243, 2.16243, 2.16243, 2.16243,
                  2.16243, 2.16243, 2.16243, 2.16243, 2.16243, 2.16243, 2.16243,
                  2.16243, 2.16243, 2.16243, 2.16243, 2.16243, 2.16243, 2.16243,
                  2.16243, 2.16243, 2.16243, 2.16243, 2.16243, 2.16243, 2.16243,
                  2.16243, 2.7426, 2.7426, 2.7426, 2.7426, 2.7426, 2.7426,
                  2.7426, 2.7426, 2.35081, 2.35081, 1.17139, 1.17139, 1.17139,
                  1.17139, 1.17139, 1.17139, 1.17139, 1.17139, 1.17139, 1.17139,
                  1.17139, 1.17139, 1.17139, 1.17139, 1.74304, 2.2079, 2.2079,
                  2.2079, 1.53182, 1.53182, 1.53182, 1.53182, 1.53182, 1.53182,
                  2.0615, 1.3381, 1.3381, 1.3381, 1.3381, 1.3381, 2.0615,
                  2.0615, 2.0615, 1.68081, 1.68081, 1.68081, 1.68081, 1.68081,
                  1.98039, 1.98039, 1.98039, 1.98039, 1.98039, 1.98039, 1.98039,
                  1.98039, 1.98039, 1.98039, 1.98039, 1.98039, 1.98039, 1.98039,
                  1.98039, 1.98039, 1.98039, 1.98039, 1.16026, 1.16026, 1.16026,
                  1.16026, 2.16717, 2.16717, 2.16717, 2.16717, 2.16717, 2.17096,
                  2.17096, 2.17096, 2.17096, 2.17096, 2.17096, 2.17096, 2.17096,
                  2.17096, 2.17096, 2.17096, 2.17096, 2.17096, 1.69727, 1.69727,
                  1.69727, 1.69727, 2.12851, 2.12851, 2.12851, 2.12851, 2.12851,
                  2.12851, 2.12851, 2.23319, 1.44786, 1.44786, 1.44786, 1.44786,
                  1.44786, 2.23319, 2.23319, 2.23319, 2.23319, 2.23319, 2.23319,
                  2.23319, 2.23319, 2.23319, 2.23319, 2.23319, 2.23319, 2.23319,
                  1.27419, 1.27419, 1.27419, 0.699973, 0.699973, 0.699973,
                  0.721287, 0.769512, 0.769512, 0.769512, 0.769512, 0.769512,
                  0.769512, 0.769512, 0.750469, 0.721287, 0.721287, 0.738578,
                  0.738578, 0.738578, 0.738578, 0.738578, 0.750469, 1.93654,
                  1.06343, 1.06343, 1.06343, 1.06343, 1.06343, 1.06343, 1.06343,
                  1.07708, 1.07708, 1.07708, 1.07708, 1.07708, 1.07708, 1.07708,
                  1.07708, 1.93654, 2.2559, 2.2559, 2.2559, 2.2559, 2.2559,
                  2.2559, 2.2559, 2.2559, 1.25586, 1.25586, 1.25586, 1.25586,
                  1.25586, 1.25586, 1.22957, 1.22957, 1.22957, 1.22957, 1.22957,
                  2.11237, 2.11237, 2.23697, 2.23697, 2.23697, 2.23697, 2.23697,
                  2.23697, 2.23697, 2.23697, 1.39695, 1.39695, 1.39695, 1.39695,
                  2.1529, 2.29729, 1.04727, 1.04727, 1.04727, 1.04727, 1.04727,
                  1.04727, 1.04727, 1.16853, 1.2322, 1.16853, 1.16853, 1.16853,
                  1.16853, 2.29729, 2.29729, 2.20227, 1.2322, 1.2322, 1.2322,
                  1.2322, 1.2322, 0.952684, 0.952684, 0.952684, 0.952684,
                  0.952684, 0.952684, 0.952684, 0.952684, 0.952684, 0.952684,
                  0.952684, 0.952684, 2.20227, 2.20227, 2.20227, 2.20227,
                  2.20227, 2.20227, 2.09654, 2.09654, 2.09654, 2.09654, 2.09654,
                  2.09654, 2.09654, 2.09654, 2.09654, 2.09654, 2.09654, 2.09654,
                  2.09654, 1.11242, 1.11242, 1.11242, 1.11242, 1.11242,
                  0.783966, 0.783966, 0.783966, 0.783966, 0.706433, 0.706433,
                  0.706433, 0.706433, 0.706433, 0.706433, 0.706433, 0.856943,
                  0.856943, 0.856943, 0.856943, 1.61504, 0.884084, 0.884084,
                  0.884084, 0.884084, 2.50095, 2.3491, 2.3491, 2.3491, 2.3491,
                  2.3491, 2.3491, 2.3491, 2.3491, 2.3491, 2.3491, 2.3491,
                  2.3491, 2.3491, 2.50095, 2.50095, 2.50095, 2.50095, 2.50095,
                  2.50095, 2.50095, 2.50095, 2.50095, 2.50095, 2.50095, 2.50095,
                  2.50095, 2.50095, 2.50095, 2.50095, 2.50095, 2.50095, 2.50095,
                  2.50095, 2.50095, 2.50095, 2.50095, 2.50095, 2.50095, 2.50095,
                  2.50095, 2.50095, 2.50095, 2.50095, 2.50095, 2.50095, 2.50095,
                  2.49045, 2.49045, 2.49045, 2.49045, 2.49045, 2.49045, 2.49045,
                  2.38493, 2.38493, 2.38493, 2.38493, 2.38493, 2.38493, 2.38493,
                  2.38493, 2.38493, 2.38493, 2.38493, 2.38493, 2.38493, 2.38493,
                  2.38493, 2.38493, 2.38493, 2.38493, 2.38493, 2.38493, 2.38493,
                  2.38493, 2.38493, 2.38493, 2.38493, 2.38493, 2.38493, 2.38493,
                  2.38493, 2.38493, 2.38493, 2.38493, 2.35986, 2.35986, 2.67845,
                  1.25866, 1.25866, 1.25866, 1.25866, 1.25866, 1.25866, 1.25866,
                  1.05378, 1.05378, 1.05378, 1.05378, 1.05378, 1.05378, 1.05378,
                  1.05378, 1.05378, 2.67845, 2.67845, 2.67845, 2.67845, 2.67845,
                  2.67845, 2.67845, 2.67845, 2.67845, 2.67845, 2.67845, 2.67845,
                  2.67845, 2.30881, 2.30881, 2.30881, 2.30881, 2.30881, 2.30881,
                  2.30881, 2.44275, 1.47449, 1.47449, 0.751787, 0.751787,
                  0.751787, 0.718701, 0.718701, 0.718701, 0.718701, 0.718701,
                  2.44275, 2.44275, 2.44275, 2.44275, 2.44275, 2.72621, 1.30368,
                  1.30368, 1.30368, 1.30368, 1.30368, 1.30368, 1.30368, 2.72621,
                  2.72621, 2.72621, 1.63895, 1.63895, 1.63895, 1.63895, 1.63895,
                  1.63895, 1.63895, 1.63895, 1.63895, 1.63895, 1.63895, 1.63895,
                  1.63895, 1.63895, 1.83768, 1.83768, 1.83768, 1.83768, 1.83768,
                  1.83768, 1.83768, 1.83768, 1.83768, 1.83768, 1.83768, 1.83768,
                  1.83768, 1.83768, 1.83768, 1.83768, 1.83768, 1.83768, 1.83768,
                  1.83768, 1.83768, 1.83768, 1.02174, 1.02174, 1.02174, 1.02174,
                  1.02174, 1.42595, 1.42595, 1.42595, 1.42595, 1.42595, 1.42595,
                  1.42595, 1.42595, 1.42595, 1.42595, 1.42595, 1.42595, 1.42595,
                  1.42595, 1.42595, 1.42595, 2.72621, 0.781905, 0.781905,
                  0.781905, 0.781905, 0.781905, 0.781905, 2.49546, 2.49546,
                  2.49546, 2.49546, 2.49546, 2.49546, 2.49546, 2.49546, 2.49546,
                  2.49546, 2.49546, 2.49546, 2.49546, 2.49546, 2.49546, 2.49546
               }
            }
            DATASET "end_node" {
               DATATYPE  H5T_STD_U64LE
               DATASPACE  SIMPLE { ( 587 ) / ( 587 ) }
               DATA {
                  1, 2, 3, 4, 5, 6, 7, 8, 9, 10, 11, 12, 13, 14, 15, 16, 17, 18,
                  19, 20, 21, 22, 23, 24, 25, 26, 27, 28, 29, 30, 31, 32, 33,
                  34, 35, 36, 37, 38, 39, 40, 41, 42, 43, 44, 45, 46, 47, 48,
                  49, 50, 51, 52, 53, 54, 55, 56, 57, 58, 59, 60, 61, 62, 63,
                  64, 65, 66, 67, 68, 69, 70, 71, 72, 73, 74, 75, 76, 77, 78,
                  79, 80, 81, 82, 83, 84, 85, 86, 87, 88, 89, 90, 91, 92, 93,
                  94, 95, 96, 97, 98, 99, 100, 101, 102, 103, 104, 105, 106,
                  107, 108, 109, 110, 111, 112, 113, 114, 115, 116, 117, 118,
                  119, 120, 121, 122, 123, 124, 125, 126, 127, 128, 129, 130,
                  131, 132, 133, 134, 135, 136, 137, 138, 139, 140, 141, 142,
                  143, 144, 145, 146, 147, 148, 149, 150, 151, 152, 153, 154,
                  155, 156, 157, 158, 159, 160, 161, 162, 163, 164, 165, 166,
                  167, 168, 169, 170, 171, 172, 173, 174, 175, 176, 177, 178,
                  179, 180, 181, 182, 183, 184, 185, 186, 187, 188, 189, 190,
                  191, 192, 193, 194, 195, 196, 197, 198, 199, 200, 201, 202,
                  203, 204, 205, 206, 207, 208, 209, 210, 211, 212, 213, 214,
                  215, 216, 217, 218, 219, 220, 221, 222, 223, 224, 225, 226,
                  227, 228, 229, 230, 231, 232, 233, 234, 235, 236, 237, 238,
                  239, 240, 241, 242, 243, 244, 245, 246, 247, 248, 249, 250,
                  251, 252, 253, 254, 255, 256, 257, 258, 259, 260, 261, 262,
                  263, 264, 265, 266, 267, 268, 269, 270, 271, 272, 273, 274,
                  275, 276, 277, 278, 279, 280, 281, 282, 283, 284, 285, 286,
                  287, 288, 289, 290, 291, 278, 292, 293, 294, 295, 296, 297,
                  287, 298, 299, 300, 301, 302, 303, 304, 305, 306, 307, 308,
                  309, 310, 311, 312, 313, 314, 293, 315, 316, 317, 318, 319,
                  320, 321, 322, 323, 324, 325, 326, 327, 328, 329, 330, 331,
                  332, 333, 334, 335, 336, 337, 338, 339, 340, 341, 342, 343,
                  345, 346, 347, 348, 349, 350, 351, 352, 353, 354, 355, 356,
                  357, 358, 359, 360, 361, 362, 363, 364, 365, 366, 367, 368,
                  369, 370, 371, 372, 373, 374, 375, 376, 377, 378, 379, 380,
                  381, 382, 383, 384, 385, 386, 387, 388, 389, 390, 391, 392,
                  393, 394, 395, 396, 397, 398, 399, 400, 401, 402, 403, 404,
                  405, 406, 407, 408, 409, 410, 411, 412, 413, 414, 415, 416,
                  417, 418, 419, 420, 421, 422, 423, 424, 425, 426, 427, 428,
                  429, 430, 431, 432, 433, 434, 435, 436, 437, 438, 439, 440,
                  441, 442, 443, 444, 445, 446, 447, 448, 449, 450, 451, 452,
                  453, 454, 455, 456, 457, 458, 459, 460, 461, 462, 463, 464,
                  465, 466, 467, 468, 469, 470, 471, 472, 473, 474, 475, 476,
                  477, 478, 479, 480, 481, 482, 483, 484, 485, 486, 487, 488,
                  489, 490, 491, 492, 493, 494, 495, 496, 497, 498, 499, 500,
                  501, 502, 503, 504, 505, 506, 507, 508, 509, 510, 511, 512,
                  513, 514, 515, 516, 517, 518, 519, 520, 521, 522, 523, 524,
                  525, 526, 527, 528, 529, 530, 531, 532, 533, 534, 535, 536,
                  537, 538, 539, 540, 541, 542, 543, 544, 545, 546, 547, 548,
                  549, 550, 551, 552, 553, 554, 555, 556, 557, 558, 559, 560,
                  561, 562, 505, 563, 564, 565, 566, 567, 568, 569, 570, 571,
                  572, 573, 574, 575, 576, 577, 578, 579, 580, 581, 582, 583,
                  584
               }
            }
            DATASET "end_x" {
               DATATYPE  H5T_IEEE_F32LE
               DATASPACE  SIMPLE { ( 587 ) / ( 587 ) }
               DATA {
                  1306.53, 1305.55, 1304.57, 1303.59, 1302.7, 1303.41, 1303.93,
                  1304.4, 1304.83, 1305.21, 1305.56, 1305.91, 1306.32, 1306.8,
                  1307.35, 1307.97, 1308.61, 1309.27, 1309.93, 1310.58, 1311.22,
                  1311.84, 1312.43, 1313, 1313.52, 1314.01, 1314.51, 1315.05,
                  1315.65, 1316.32, 1317.04, 1317.8, 1318.58, 1319.37, 1320.16,
                  1320.94, 1321.7, 1322.42, 1323.1, 1323.72, 1324.26, 1324.68,
                  1324.97, 1325.14, 1325.2, 1325.19, 1325.11, 1324.97, 1324.8,
                  1324.6, 1324.39, 1324.19, 1324.01, 1323.85, 1323.71, 1323.59,
                  1323.7, 1301.9, 1301.18, 1300.45, 1299.74, 1299.02, 1298.3,
                  1297.59, 1296.88, 1296.17, 1295.46, 1294.75, 1294.03, 1293.31,
                  1292.58, 1291.84, 1291.09, 1290.34, 1289.59, 1288.84, 1288.07,
                  1287.28, 1286.45, 1285.59, 1284.7, 1283.77, 1282.83, 1281.86,
                  1281.78, 1322.72, 1321.88, 1321.12, 1320.42, 1319.76, 1319.12,
                  1318.46, 1318.1, 1324.71, 1325.8, 1326.01, 1326.13, 1326.24,
                  1326.3, 1326.25, 1326.05, 1325.65, 1325.05, 1324.22, 1323.24,
                  1322.26, 1321.33, 1320.46, 1319.59, 1319.03, 1326.75, 1327.7,
                  1328.6, 1329.03, 1329.33, 1329.63, 1329.93, 1330.22, 1330.7,
                  1329.3, 1329.3, 1329.3, 1329.3, 1329.3, 1329.3, 1330.12,
                  1331.04, 1332.1, 1332.26, 1332.21, 1332.22, 1332.29, 1332.8,
                  1332.94, 1333.66, 1334.36, 1335.05, 1335.69, 1336.29, 1336.85,
                  1337.4, 1337.94, 1338.48, 1339.04, 1339.62, 1340.23, 1340.88,
                  1341.56, 1342.28, 1343.02, 1344, 1318.86, 1318.83, 1318.79,
                  1318.8, 1317.36, 1316.54, 1315.72, 1314.9, 1314.1, 1313.2,
                  1312.19, 1311.37, 1310.57, 1309.83, 1309.23, 1308.83, 1308.7,
                  1308.79, 1309.02, 1309.32, 1309.74, 1310.4, 1313.92, 1314.49,
                  1315.09, 1315.3, 1310.36, 1310.18, 1309.99, 1309.78, 1309.52,
                  1309.22, 1308.9, 1308.3, 1311.06, 1311.91, 1312.77, 1313.62,
                  1314.6, 1307.74, 1307.31, 1306.87, 1306.41, 1305.95, 1305.46,
                  1304.95, 1304.43, 1303.88, 1303.32, 1302.75, 1302.14, 1301.3,
                  1309.07, 1310.02, 1311.1, 1311.1, 1311.1, 1311.1, 1311.1,
                  1311.99, 1313.02, 1314.03, 1315.05, 1316.07, 1317.08, 1318.1,
                  1312.03, 1310.4, 1309.7, 1313.14, 1314.2, 1315.24, 1316.27,
                  1316.7, 1312.5, 1302, 1300.74, 1299.99, 1299.19, 1298.38,
                  1297.53, 1296.67, 1295.7, 1302.7, 1303.57, 1304.44, 1305.33,
                  1306.22, 1307.12, 1308.02, 1309, 1301.27, 1300.6, 1299.99,
                  1299.65, 1299.28, 1298.92, 1298.56, 1298.17, 1298.03, 1301.12,
                  1301.38, 1301.59, 1301.71, 1301.74, 1301.3, 1298.77, 1299.5,
                  1300.05, 1300.22, 1300.6, 1297.53, 1297.21, 1297.1, 1296.69,
                  1296.39, 1296.09, 1295.79, 1295.49, 1295.17, 1295, 1298,
                  1299.08, 1300.14, 1301.3, 1294.45, 1294.07, 1295.61, 1296.3,
                  1297.01, 1297.69, 1298.32, 1298.74, 1298.64, 1297.8, 1297.1,
                  1297.01, 1296.27, 1295.53, 1294.79, 1294.07, 1293.13, 1291.73,
                  1293.94, 1294.68, 1295.45, 1296.18, 1297.1, 1297.7, 1297.75,
                  1297.64, 1297.28, 1296.59, 1295.68, 1294.69, 1293.69, 1292.7,
                  1291.75, 1290.83, 1289.96, 1289.4, 1289.84, 1290.36, 1290.86,
                  1291.38, 1291.73, 1289.27, 1288.89, 1288.47, 1288.03, 1287.56,
                  1287.03, 1286.44, 1285.78, 1285.04, 1284.24, 1283.39, 1282.5,
                  1281.78, 1291.13, 1290.69, 1290.29, 1289.95, 1289.87, 1290.43,
                  1290.35, 1289.88, 1289.4, 1288.96, 1288.22, 1287.45, 1286.69,
                  1285.92, 1285.16, 1284.5, 1298.41, 1297.57, 1296.69, 1295.78,
                  1295.23, 1296.36, 1297.54, 1298.72, 1299.9, 1293.83, 1293.93,
                  1294.2, 1294.46, 1294.7, 1294.93, 1295.14, 1295.34, 1295.5,
                  1295.65, 1295.79, 1295.92, 1296.04, 1296.4, 1293.11, 1292.63,
                  1292.11, 1291.6, 1291.12, 1290.65, 1290.19, 1289.76, 1289.36,
                  1289, 1288.69, 1288.46, 1288.31, 1288.29, 1288.38, 1288.58,
                  1288.87, 1289.21, 1289.6, 1290.01, 1290.43, 1290.85, 1291.25,
                  1291.62, 1291.96, 1292.25, 1292.5, 1292.69, 1292.84, 1292.96,
                  1293.04, 1293.1, 1292.9, 1292.89, 1292.72, 1292.54, 1292.36,
                  1292.21, 1292.07, 1292.43, 1292.38, 1291.92, 1291.46, 1290.99,
                  1290.53, 1290.07, 1289.61, 1289.14, 1288.68, 1288.23, 1287.79,
                  1287.36, 1286.94, 1286.54, 1286.16, 1285.8, 1285.46, 1285.14,
                  1284.84, 1284.55, 1284.27, 1283.99, 1283.71, 1283.43, 1283.17,
                  1282.91, 1282.66, 1282.42, 1282.2, 1281.99, 1281.79, 1281.78,
                  1291.63, 1290.86, 1290.33, 1293.18, 1294.05, 1295.06, 1296.08,
                  1297.09, 1298.14, 1299.2, 1290.88, 1291.7, 1292.58, 1293.62,
                  1294.69, 1295.75, 1296.83, 1297.81, 1298.5, 1289.47, 1288.81,
                  1288.11, 1287.42, 1286.73, 1286.04, 1285.36, 1284.67, 1283.98,
                  1283.29, 1282.6, 1281.92, 1281.78, 1296.36, 1296.26, 1296.18,
                  1296.21, 1296.47, 1296.89, 1297.36, 1298.03, 1297.46, 1298.5,
                  1299.25, 1300.3, 1301.3, 1298.95, 1299.04, 1299.14, 1299.24,
                  1299.2, 1297.88, 1298, 1298.12, 1298.24, 1298.36, 1298.5,
                  1298.91, 1299.77, 1300.63, 1301.48, 1302.34, 1303.19, 1304.1,
                  1297.81, 1297.09, 1296.4, 1299.08, 1300, 1300.95, 1301.93,
                  1302.9, 1303.89, 1304.89, 1305.89, 1306.87, 1307.83, 1308.75,
                  1309.64, 1310.5, 1311.29, 1311.8, 1312.66, 1313.55, 1314.47,
                  1315.43, 1316.43, 1317.42, 1318.34, 1319.19, 1320.01, 1320.81,
                  1321.6, 1322.38, 1323.16, 1323.98, 1324.89, 1325.86, 1326.74,
                  1327.52, 1328.23, 1328.93, 1329.3, 1312.15, 1312.02, 1311.57,
                  1310.98, 1310.36, 1309.7, 1308.86, 1307.83, 1306.81, 1305.81,
                  1304.83, 1303.86, 1302.88, 1301.87, 1300.9, 1300.02, 1299.25,
                  1298.58, 1297.96, 1297.36, 1296.81, 1296.4, 1308.92, 1308.24,
                  1307.55, 1306.87, 1306.18, 1305.5, 1295.5, 1294.51, 1293.53,
                  1292.55, 1291.57, 1290.58, 1289.6, 1288.62, 1287.64, 1286.66,
                  1285.69, 1284.71, 1283.74, 1282.77, 1281.8, 1281.78
               }
            }
            DATASET "end_y" {
               DATATYPE  H5T_IEEE_F32LE
               DATASPACE  SIMPLE { ( 587 ) / ( 587 ) }
               DATA {
                  469.47, 468.835, 468.228, 467.623, 466.9, 466.633, 466.564,
                  466.52, 466.469, 466.397, 466.286, 466.113, 465.874, 465.577,
                  465.24, 464.877, 464.496, 464.1, 463.688, 463.255, 462.801,
                  462.326, 461.828, 461.301, 460.743, 460.161, 459.577, 459.017,
                  458.5, 458.037, 457.628, 457.266, 456.935, 456.617, 456.296,
                  455.956, 455.586, 455.18, 454.736, 454.25, 453.719, 453.142,
                  452.525, 451.882, 451.225, 450.56, 449.894, 449.231, 448.57,
                  447.909, 447.243, 446.572, 445.892, 445.205, 444.514, 443.819,
                  443.1, 466.976, 467.101, 467.223, 467.341, 467.454, 467.557,
                  467.651, 467.735, 467.807, 467.865, 467.91, 467.943, 467.974,
                  468.019, 468.094, 468.221, 468.415, 468.676, 468.982, 469.302,
                  469.601, 469.841, 470.001, 470.081, 470.109, 470.113, 470.11,
                  470.11, 442.8, 442.078, 441.293, 440.455, 439.585, 438.697,
                  437.819, 436.8, 442.571, 442.4, 441.48, 440.509, 439.537,
                  438.554, 437.564, 436.587, 435.664, 434.864, 434.302, 434.121,
                  434.285, 434.639, 435.075, 435.557, 435.867, 442.683, 442.981,
                  443.1, 443.693, 444.379, 445.063, 445.755, 446.426, 447.3,
                  442.4, 441.53, 440.517, 439.512, 438.506, 437.5, 443.265,
                  443.937, 443.8, 442.799, 441.793, 440.787, 439.78, 438.9,
                  444.337, 444.951, 445.569, 446.213, 446.894, 447.602, 448.329,
                  449.066, 449.811, 450.561, 451.314, 452.068, 452.814, 453.544,
                  454.253, 454.928, 455.615, 455.7, 434.909, 433.904, 432.902,
                  431.9, 435.984, 435.289, 434.586, 433.89, 433.178, 432.6,
                  432.323, 431.913, 431.505, 431.087, 430.661, 430.24, 429.805,
                  429.323, 428.785, 428.212, 427.617, 427, 431.905, 431.014,
                  430.141, 429.1, 426.215, 425.227, 424.189, 423.148, 422.136,
                  421.159, 420.177, 419.3, 427.702, 428.295, 428.881, 429.503,
                  429.8, 418.446, 417.518, 416.595, 415.676, 414.765, 413.865,
                  412.975, 412.096, 411.229, 410.372, 409.525, 408.699, 408.1,
                  418.591, 418.241, 417.9, 416.675, 415.45, 414.225, 413,
                  418.377, 418.396, 418.362, 418.339, 418.402, 418.511, 418.6,
                  412.067, 411.95, 410.9, 411.952, 411.524, 411.032, 410.491,
                  409.5, 410.2, 407.4, 408.827, 409.465, 410.074, 410.651,
                  411.175, 411.687, 411.6, 406.857, 406.574, 406.314, 406.128,
                  406.006, 405.932, 405.87, 406, 406.308, 405.3, 404.491,
                  403.493, 402.509, 401.521, 400.534, 399.55, 398.533, 404.302,
                  403.216, 402.137, 401.051, 399.935, 399, 398.054, 397.183,
                  396.203, 395.087, 394.1, 397.808, 397.014, 396.2, 395.396,
                  394.485, 393.582, 392.678, 391.772, 390.874, 389.9, 396.39,
                  396.067, 395.726, 395.5, 389.008, 388.033, 389.307, 388.662,
                  388, 387.32, 386.581, 385.703, 384.711, 384.3, 383.6, 385.091,
                  385.827, 386.568, 387.311, 388.033, 386.633, 385.467, 385.975,
                  385.328, 384.69, 384.004, 383.6, 382.793, 381.802, 380.807,
                  379.875, 379.155, 378.749, 378.597, 378.629, 378.807, 379.112,
                  379.516, 380.005, 380.8, 381.751, 382.673, 383.599, 384.522,
                  385.467, 379.817, 378.895, 377.981, 377.078, 376.195, 375.344,
                  374.538, 373.793, 373.12, 372.523, 372.005, 371.562, 371.27,
                  385.87, 386.769, 387.676, 388.649, 389.667, 390.45, 391.512,
                  392.463, 393.4, 390.005, 390.704, 391.355, 392.015, 392.675,
                  393.336, 394.1, 446.995, 446.309, 445.618, 444.923, 444.033,
                  443.908, 444.1, 444.288, 444.5, 442.867, 441.852, 440.854,
                  439.854, 438.851, 437.844, 436.832, 435.814, 434.792, 433.767,
                  432.741, 431.715, 430.683, 429.8, 443.29, 444.132, 444.884,
                  445.633, 446.365, 447.083, 447.791, 448.497, 449.211, 449.942,
                  450.703, 451.501, 452.342, 453.216, 454.1, 454.975, 455.829,
                  456.664, 457.484, 458.294, 459.1, 459.91, 460.732, 461.57,
                  462.425, 463.296, 464.182, 465.084, 465.996, 466.915, 467.838,
                  468.764, 469.7, 470.637, 471.618, 472.594, 473.57, 474.55,
                  475.54, 476.467, 469.689, 469.778, 469.908, 470.073, 470.271,
                  470.493, 470.684, 470.786, 470.837, 470.904, 471.03, 471.187,
                  471.317, 471.419, 471.522, 471.577, 471.592, 471.548, 471.436,
                  471.355, 471.367, 471.382, 471.247, 470.97, 470.619, 470.232,
                  469.796, 469.313, 468.796, 468.269, 467.732, 467.688, 477.296,
                  478.203, 479.267, 477.185, 477.802, 478.104, 477.827, 477.483,
                  477.352, 477.4, 479.824, 480.298, 480.661, 480.731, 480.471,
                  480.196, 480.299, 480.786, 481.6, 479.745, 480.541, 481.294,
                  482.053, 482.811, 483.57, 484.329, 485.089, 485.849, 486.609,
                  487.37, 488.131, 488.291, 428.789, 427.789, 426.788, 425.778,
                  424.8, 423.913, 423.028, 422.567, 429.989, 429.1, 428.365,
                  427.959, 428.4, 429.791, 430.828, 431.875, 432.936, 434,
                  421.574, 420.759, 420.045, 419.456, 418.954, 418.6, 422.898,
                  423.505, 424.082, 424.66, 425.235, 425.821, 426.3, 417.906,
                  417.194, 416.5, 418.293, 418.187, 418.174, 418.285, 418.485,
                  418.683, 418.788, 418.783, 418.734, 418.679, 418.62, 418.547,
                  418.452, 418.289, 417.9, 418.458, 418.956, 419.405, 419.738,
                  419.881, 419.834, 419.568, 419.173, 418.752, 418.345, 417.97,
                  417.624, 417.282, 416.97, 416.823, 417.05, 417.606, 418.292,
                  419.031, 419.777, 420.7, 416.904, 415.852, 414.89, 414.007,
                  413.141, 412.3, 412.873, 412.888, 412.818, 412.627, 412.338,
                  412.016, 411.755, 411.688, 411.914, 412.372, 412.988, 413.695,
                  414.44, 415.209, 415.933, 416.5, 411.56, 410.726, 409.899,
                  409.068, 408.239, 407.4, 416.472, 416.228, 416, 415.769,
                  415.536, 415.301, 415.063, 414.822, 414.577, 414.327, 414.072,
                  413.811, 413.545, 413.273, 412.996, 412.989
               }
            }
            DATASET "end_z" {
               DATATYPE  H5T_IEEE_F32LE
               DATASPACE  SIMPLE { ( 587 ) / ( 587 ) }
               DATA {
                  1868.14, 1868.18, 1868.21, 1868.23, 1868.3, 1868.99, 1869.85,
                  1870.75, 1871.68, 1872.61, 1873.56, 1874.5, 1875.41, 1876.25,
                  1877.03, 1877.76, 1878.45, 1879.12, 1879.77, 1880.43, 1881.08,
                  1881.73, 1882.38, 1883.05, 1883.72, 1884.39, 1885.06, 1885.71,
                  1886.35, 1886.96, 1887.56, 1888.13, 1888.69, 1889.24, 1889.8,
                  1890.36, 1890.93, 1891.52, 1892.13, 1892.77, 1893.46, 1894.18,
                  1894.93, 1895.7, 1896.48, 1897.25, 1898.01, 1898.77, 1899.53,
                  1900.27, 1901.02, 1901.75, 1902.49, 1903.22, 1903.95, 1904.69,
                  1905.4, 1867.71, 1867.03, 1866.35, 1865.66, 1864.97, 1864.28,
                  1863.58, 1862.88, 1862.18, 1861.48, 1860.78, 1860.08, 1859.39,
                  1858.71, 1858.04, 1857.39, 1856.76, 1856.15, 1855.57, 1855.02,
                  1854.48, 1853.97, 1853.49, 1853.05, 1852.66, 1852.34, 1852.07,
                  1852.05, 1905.14, 1905.21, 1905.26, 1905.29, 1905.33, 1905.37,
                  1905.41, 1905.4, 1906.07, 1906.8, 1907.15, 1907.38, 1907.62,
                  1907.83, 1908, 1908.13, 1908.21, 1908.24, 1908.21, 1908.11,
                  1907.96, 1907.77, 1907.54, 1907.33, 1906.57, 1907.47, 1908.12,
                  1908.9, 1908.12, 1907.36, 1906.59, 1905.84, 1905.04, 1904.7,
                  1909.6, 1909.11, 1909.04, 1908.95, 1908.85, 1908.9, 1909.94,
                  1910.52, 1911, 1910.94, 1910.73, 1910.54, 1910.35, 1910.3,
                  1911.16, 1911.54, 1911.92, 1912.31, 1912.7, 1913.11, 1913.53,
                  1913.95, 1914.38, 1914.8, 1915.19, 1915.54, 1915.85, 1916.12,
                  1916.36, 1916.57, 1916.77, 1916.6, 1906.74, 1906.77, 1906.81,
                  1906.8, 1905.34, 1905.07, 1904.81, 1904.55, 1904.29, 1904,
                  1903.86, 1903.33, 1902.79, 1902.16, 1901.4, 1900.52, 1899.57,
                  1898.63, 1897.76, 1896.92, 1896.17, 1895.6, 1904.5, 1904.86,
                  1905.24, 1905.4, 1894.88, 1894.52, 1894.38, 1894.31, 1894.1,
                  1893.8, 1893.54, 1893.5, 1895.17, 1895.07, 1894.97, 1894.86,
                  1894.9, 1893.36, 1893.24, 1893.12, 1892.99, 1892.87, 1892.75,
                  1892.63, 1892.51, 1892.39, 1892.27, 1892.16, 1892.06, 1892.1,
                  1894.25, 1895.04, 1895.6, 1895.6, 1895.6, 1895.6, 1895.6,
                  1895.65, 1895.78, 1895.91, 1896.04, 1896.17, 1896.31, 1896.3,
                  1895.6, 1895.6, 1895.6, 1895.6, 1895.6, 1895.6, 1895.6,
                  1895.6, 1895.6, 1891.4, 1892.55, 1892.76, 1892.95, 1893.14,
                  1893.34, 1893.57, 1893.5, 1891.9, 1892.36, 1892.82, 1893.28,
                  1893.76, 1894.23, 1894.72, 1894.9, 1891.57, 1892.1, 1891.8,
                  1891.66, 1891.52, 1891.38, 1891.24, 1891.1, 1890.93, 1892.08,
                  1892.3, 1892.58, 1892.89, 1893.15, 1892.8, 1891.61, 1891.81,
                  1891.91, 1891.79, 1891.4, 1890.21, 1889.41, 1888.6, 1888.16,
                  1887.85, 1887.53, 1887.21, 1886.89, 1886.55, 1886.5, 1887.79,
                  1887.26, 1886.71, 1886.5, 1886.5, 1886.5, 1887.04, 1887.39,
                  1887.68, 1887.96, 1888.23, 1888.49, 1888.74, 1888.6, 1888.6,
                  1888.38, 1887.91, 1887.45, 1887.01, 1886.5, 1886.5, 1886.73,
                  1886.82, 1887.3, 1887.74, 1888.2, 1888.6, 1888.83, 1888.74,
                  1888.63, 1888.5, 1888.37, 1888.24, 1888.11, 1887.99, 1887.87,
                  1887.75, 1887.63, 1887.5, 1887.2, 1887.03, 1886.88, 1886.73,
                  1886.56, 1886.73, 1886.98, 1887.06, 1887.16, 1887.27, 1887.38,
                  1887.5, 1887.63, 1887.77, 1887.92, 1888.07, 1888.23, 1888.4,
                  1888.54, 1887.5, 1887.94, 1888.35, 1888.68, 1888.6, 1888.45,
                  1888.5, 1888.54, 1888.6, 1888.6, 1888.6, 1888.6, 1888.6,
                  1888.6, 1888.6, 1888.6, 1866.85, 1866.5, 1866.33, 1866.36,
                  1866.43, 1866.26, 1866.23, 1866.19, 1866.2, 1866.9, 1866.91,
                  1866.99, 1867.08, 1867.16, 1867.24, 1867.3, 1867.34, 1867.35,
                  1867.34, 1867.3, 1867.26, 1867.21, 1867.6, 1866.99, 1867.46,
                  1867.88, 1868.35, 1868.85, 1869.4, 1869.97, 1870.56, 1871.16,
                  1871.76, 1872.36, 1872.94, 1873.49, 1874, 1874.49, 1874.97,
                  1875.44, 1875.9, 1876.36, 1876.81, 1877.26, 1877.71, 1878.15,
                  1878.59, 1879.02, 1879.45, 1879.87, 1880.3, 1880.72, 1881.13,
                  1881.55, 1881.95, 1882.3, 1881.66, 1881.12, 1880.57, 1880.02,
                  1879.47, 1878.9, 1878.57, 1883.18, 1884.09, 1885, 1885.9,
                  1886.79, 1887.68, 1888.58, 1889.49, 1890.4, 1891.32, 1892.24,
                  1893.16, 1894.08, 1895.02, 1895.97, 1896.93, 1897.9, 1898.87,
                  1899.84, 1900.82, 1901.81, 1902.8, 1903.77, 1904.72, 1905.65,
                  1906.56, 1907.46, 1908.33, 1909.19, 1910.04, 1910.89, 1910.96,
                  1877.93, 1877.36, 1876.93, 1878.76, 1878.75, 1878.77, 1878.78,
                  1878.8, 1878.82, 1878.8, 1877.7, 1878.28, 1878.82, 1879.16,
                  1879.16, 1879.07, 1879.09, 1879.24, 1879.5, 1876.97, 1877.08,
                  1877.17, 1877.27, 1877.36, 1877.46, 1877.55, 1877.65, 1877.75,
                  1877.84, 1877.94, 1878.03, 1878.05, 1867.56, 1867.41, 1867.27,
                  1867.19, 1867.26, 1867.49, 1867.76, 1868.3, 1868.51, 1869,
                  1869.43, 1869.65, 1869.7, 1869.71, 1870.01, 1870.26, 1870.48,
                  1870.4, 1868.55, 1869.33, 1870.19, 1871.14, 1872.14, 1873.2,
                  1868.63, 1868.64, 1868.63, 1868.57, 1868.47, 1868.37, 1868.3,
                  1873.68, 1874.12, 1874.6, 1873.98, 1874.36, 1874.7, 1874.95,
                  1875.12, 1875.24, 1875.34, 1875.48, 1875.69, 1876.01, 1876.41,
                  1876.89, 1877.42, 1878, 1878.8, 1879, 1879.21, 1879.42,
                  1879.64, 1879.91, 1880.24, 1880.64, 1881.09, 1881.59, 1882.12,
                  1882.69, 1883.29, 1883.89, 1884.46, 1884.94, 1885.22, 1885.23,
                  1885.1, 1884.91, 1884.7, 1884.4, 1878.81, 1878.62, 1878.45,
                  1878.31, 1878.15, 1878.1, 1878.21, 1878.16, 1878.1, 1878.03,
                  1877.94, 1877.83, 1877.7, 1877.54, 1877.33, 1877.08, 1876.79,
                  1876.47, 1876.14, 1875.81, 1875.37, 1874.6, 1877.97, 1877.82,
                  1877.67, 1877.52, 1877.36, 1877.4, 1875.01, 1875.01, 1875.05,
                  1875.07, 1875.08, 1875.09, 1875.09, 1875.08, 1875.06, 1875.03,
                  1874.99, 1874.95, 1874.9, 1874.86, 1874.81, 1874.81
               }
            }
            DATASET "model_type" {
               DATATYPE  H5T_STD_I8LE
               DATASPACE  SIMPLE { ( 587 ) / ( 587 ) }
               DATA {
                  0, 0, 0, 0, 0, 0, 0, 0, 0, 0, 0, 0, 0, 0, 0, 0, 0, 0, 0, 0, 0,
                  0, 0, 0, 0, 0, 0, 0, 0, 0, 0, 0, 0, 0, 0, 0, 0, 0, 0, 0, 0, 0,
                  0, 0, 0, 0, 0, 0, 0, 0, 0, 0, 0, 0, 0, 0, 0, 0, 0, 0, 0, 0, 0,
                  0, 0, 0, 0, 0, 0, 0, 0, 0, 0, 0, 0, 0, 0, 0, 0, 0, 0, 0, 0, 0,
                  0, 0, 0, 0, 0, 0, 0, 0, 0, 0, 0, 0, 0, 0, 0, 0, 0, 0, 0, 0, 0,
                  0, 0, 0, 0, 0, 0, 0, 0, 0, 0, 0, 0, 0, 0, 0, 0, 0, 0, 0, 0, 0,
                  0, 0, 0, 0, 0, 0, 0, 0, 0, 0, 0, 0, 0, 0, 0, 0, 0, 0, 0, 0, 0,
                  0, 0, 0, 0, 0, 0, 0, 0, 0, 0, 0, 0, 0, 0, 0, 0, 0, 0, 0, 0, 0,
                  0, 0, 0, 0, 0, 0, 0, 0, 0, 0, 0, 0, 0, 0, 0, 0, 0, 0, 0, 0, 0,
                  0, 0, 0, 0, 0, 0, 0, 0, 0, 0, 0, 0, 0, 0, 0, 0, 0, 0, 0, 0, 0,
                  0, 0, 0, 0, 0, 0, 0, 0, 0, 0, 0, 0, 0, 0, 0, 0, 0, 0, 0, 0, 0,
                  0, 0, 0, 0, 0, 0, 0, 0, 0, 0, 0, 0, 0, 0, 0, 0, 0, 0, 0, 0, 0,
                  0, 0, 0, 0, 0, 0, 0, 0, 0, 0, 0, 0, 0, 0, 0, 0, 0, 0, 0, 0, 0,
                  0, 0, 0, 0, 0, 0, 0, 0, 0, 0, 0, 0, 0, 0, 0, 0, 0, 0, 0, 0, 0,
                  0, 0, 0, 0, 0, 0, 0, 0, 0, 0, 0, 0, 0, 0, 0, 0, 0, 0, 0, 0, 0,
                  0, 0, 0, 0, 0, 0, 0, 0, 0, 0, 0, 0, 0, 0, 0, 0, 0, 0, 0, 0, 0,
                  0, 0, 0, 0, 0, 0, 0, 0, 0, 0, 0, 0, 0, 0, 0, 0, 0, 0, 0, 0, 0,
                  0, 0, 0, 0, 0, 0, 0, 0, 0, 0, 0, 0, 0, 0, 0, 0, 0, 0, 0, 0, 0,
                  0, 0, 0, 0, 0, 0, 0, 0, 0, 0, 0, 0, 0, 0, 0, 0, 0, 0, 0, 0, 0,
                  0, 0, 0, 0, 0, 0, 0, 0, 0, 0, 0, 0, 0, 0, 0, 0, 0, 0, 0, 0, 0,
                  0, 0, 0, 0, 0, 0, 0, 0, 0, 0, 0, 0, 0, 0, 0, 0, 0, 0, 0, 0, 0,
                  0, 0, 0, 0, 0, 0, 0, 0, 0, 0, 0, 0, 0, 0, 0, 0, 0, 0, 0, 0, 0,
                  0, 0, 0, 0, 0, 0, 0, 0, 0, 0, 0, 0, 0, 0, 0, 0, 0, 0, 0, 0, 0,
                  0, 0, 0, 0, 0, 0, 0, 0, 0, 0, 0, 0, 0, 0, 0, 0, 0, 0, 0, 0, 0,
                  0, 0, 0, 0, 0, 0, 0, 0, 0, 0, 0, 0, 0, 0, 0, 0, 0, 0, 0, 0, 0,
                  0, 0, 0, 0, 0, 0, 0, 0, 0, 0, 0, 0, 0, 0, 0, 0, 0, 0, 0, 0, 0,
                  0, 0, 0, 0, 0, 0, 0, 0, 0, 0, 0, 0, 0, 0, 0, 0, 0, 0, 0, 0, 0,
                  0, 0, 0, 0, 0, 0, 0, 0, 0, 0, 0, 0, 0, 0, 0, 0, 0, 0, 0, 0
               }
            }
            DATASET "section_id" {
               DATATYPE  H5T_STD_U32LE
               DATASPACE  SIMPLE { ( 587 ) / ( 587 ) }
               DATA {
                  0, 0, 0, 0, 0, 1, 1, 1, 1, 1, 1, 1, 1, 1, 1, 1, 1, 1, 1, 1, 1,
                  1, 1, 1, 1, 1, 1, 1, 1, 1, 1, 1, 1, 1, 1, 1, 1, 1, 1, 1, 1, 1,
                  1, 1, 1, 1, 1, 1, 1, 1, 1, 1, 1, 1, 1, 1, 1, 2, 2, 2, 2, 2, 2,
                  2, 2, 2, 2, 2, 2, 2, 2, 2, 2, 2, 2, 2, 2, 2, 2, 2, 2, 2, 2, 2,
                  2, 3, 3, 3, 3, 3, 3, 3, 3, 4, 4, 5, 5, 5, 5, 5, 5, 5, 5, 5, 5,
                  5, 5, 5, 5, 5, 6, 6, 6, 7, 7, 7, 7, 7, 7, 8, 9, 9, 9, 9, 9,
                  10, 10, 10, 11, 11, 11, 11, 11, 12, 12, 12, 12, 12, 12, 12,
                  12, 12, 12, 12, 12, 12, 12, 12, 12, 12, 12, 13, 13, 13, 13,
                  14, 14, 14, 14, 14, 14, 15, 15, 15, 15, 15, 15, 15, 15, 15,
                  15, 15, 15, 16, 16, 16, 16, 17, 17, 17, 17, 17, 17, 17, 17,
                  18, 18, 18, 18, 18, 19, 19, 19, 19, 19, 19, 19, 19, 19, 19,
                  19, 19, 19, 20, 20, 20, 21, 21, 21, 21, 22, 22, 22, 22, 22,
                  22, 22, 23, 24, 24, 25, 25, 25, 25, 25, 26, 27, 28, 28, 28,
                  28, 28, 28, 28, 29, 29, 29, 29, 29, 29, 29, 29, 30, 30, 31,
                  31, 31, 31, 31, 31, 31, 32, 32, 32, 32, 32, 32, 33, 33, 33,
                  33, 33, 34, 34, 34, 35, 35, 35, 35, 35, 35, 35, 36, 36, 36,
                  36, 37, 37, 38, 38, 38, 38, 38, 38, 38, 38, 39, 40, 40, 40,
                  40, 40, 41, 42, 43, 43, 43, 43, 43, 44, 44, 44, 44, 44, 44,
                  44, 44, 44, 44, 44, 44, 44, 45, 45, 45, 45, 45, 46, 46, 46,
                  46, 46, 46, 46, 46, 46, 46, 46, 46, 46, 47, 47, 47, 47, 47,
                  48, 48, 48, 48, 49, 49, 49, 49, 49, 49, 49, 50, 50, 50, 50,
                  50, 51, 51, 51, 51, 52, 53, 53, 53, 53, 53, 53, 53, 53, 53,
                  53, 53, 53, 53, 54, 54, 54, 54, 54, 54, 54, 54, 54, 54, 54,
                  54, 54, 54, 54, 54, 54, 54, 54, 54, 54, 54, 54, 54, 54, 54,
                  54, 54, 54, 54, 54, 54, 54, 55, 55, 55, 55, 55, 55, 55, 56,
                  56, 56, 56, 56, 56, 56, 56, 56, 56, 56, 56, 56, 56, 56, 56,
                  56, 56, 56, 56, 56, 56, 56, 56, 56, 56, 56, 56, 56, 56, 56,
                  56, 57, 57, 57, 58, 58, 58, 58, 58, 58, 58, 59, 59, 59, 59,
                  59, 59, 59, 59, 59, 60, 60, 60, 60, 60, 60, 60, 60, 60, 60,
                  60, 60, 60, 61, 61, 61, 61, 61, 61, 61, 61, 62, 62, 63, 63,
                  63, 64, 64, 64, 64, 64, 65, 65, 65, 65, 65, 65, 66, 66, 66,
                  66, 66, 66, 66, 67, 67, 67, 68, 68, 68, 68, 68, 68, 68, 68,
                  68, 68, 68, 68, 68, 68, 68, 69, 69, 69, 69, 69, 69, 69, 69,
                  69, 69, 69, 69, 69, 69, 69, 69, 69, 69, 69, 69, 69, 70, 70,
                  70, 70, 70, 70, 71, 71, 71, 71, 71, 71, 71, 71, 71, 71, 71,
                  71, 71, 71, 71, 71, 72, 72, 72, 72, 72, 72, 73, 73, 73, 73,
                  73, 73, 73, 73, 73, 73, 73, 73, 73, 73, 73, 73
               }
            }
            DATASET "segment_id" {
               DATATYPE  H5T_STD_U32LE
               DATASPACE  SIMPLE { ( 587 ) / ( 587 ) }
               DATA {
                  0, 1, 2, 3, 4, 0, 1, 2, 3, 4, 5, 6, 7, 8, 9, 10, 11, 12, 13,
                  14, 15, 16, 17, 18, 19, 20, 21, 22, 23, 24, 25, 26, 27, 28,
                  29, 30, 31, 32, 33, 34, 35, 36, 37, 38, 39, 40, 41, 42, 43,
                  44, 45, 46, 47, 48, 49, 50, 51, 0, 1, 2, 3, 4, 5, 6, 7, 8, 9,
                  10, 11, 12, 13, 14, 15, 16, 17, 18, 19, 20, 21, 22, 23, 24,
                  25, 26, 27, 0, 1, 2, 3, 4, 5, 6, 7, 0, 1, 0, 1, 2, 3, 4, 5, 6,
                  7, 8, 9, 10, 11, 12, 13, 14, 0, 1, 2, 0, 1, 2, 3, 4, 5, 0, 0,
                  1, 2, 3, 4, 0, 1, 2, 0, 1, 2, 3, 4, 0, 1, 2, 3, 4, 5, 6, 7, 8,
                  9, 10, 11, 12, 13, 14, 15, 16, 17, 0, 1, 2, 3, 0, 1, 2, 3, 4,
                  5, 0, 1, 2, 3, 4, 5, 6, 7, 8, 9, 10, 11, 0, 1, 2, 3, 0, 1, 2,
                  3, 4, 5, 6, 7, 0, 1, 2, 3, 4, 0, 1, 2, 3, 4, 5, 6, 7, 8, 9,
                  10, 11, 12, 0, 1, 2, 0, 1, 2, 3, 0, 1, 2, 3, 4, 5, 6, 0, 0, 1,
                  0, 1, 2, 3, 4, 0, 0, 0, 1, 2, 3, 4, 5, 6, 0, 1, 2, 3, 4, 5, 6,
                  7, 0, 1, 0, 1, 2, 3, 4, 5, 6, 0, 1, 2, 3, 4, 5, 0, 1, 2, 3, 4,
                  0, 1, 2, 0, 1, 2, 3, 4, 5, 6, 0, 1, 2, 3, 0, 1, 0, 1, 2, 3, 4,
                  5, 6, 7, 0, 0, 1, 2, 3, 4, 0, 0, 0, 1, 2, 3, 4, 0, 1, 2, 3, 4,
                  5, 6, 7, 8, 9, 10, 11, 12, 0, 1, 2, 3, 4, 0, 1, 2, 3, 4, 5, 6,
                  7, 8, 9, 10, 11, 12, 0, 1, 2, 3, 4, 0, 1, 2, 3, 0, 1, 2, 3, 4,
                  5, 6, 0, 1, 2, 3, 4, 0, 1, 2, 3, 0, 0, 1, 2, 3, 4, 5, 6, 7, 8,
                  9, 10, 11, 12, 0, 1, 2, 3, 4, 5, 6, 7, 8, 9, 10, 11, 12, 13,
                  14, 15, 16, 17, 18, 19, 20, 21, 22, 23, 24, 25, 26, 27, 28,
                  29, 30, 31, 32, 0, 1, 2, 3, 4, 5, 6, 0, 1, 2, 3, 4, 5, 6, 7,
                  8, 9, 10, 11, 12, 13, 14, 15, 16, 17, 18, 19, 20, 21, 22, 23,
                  24, 25, 26, 27, 28, 29, 30, 31, 0, 1, 2, 0, 1, 2, 3, 4, 5, 6,
                  0, 1, 2, 3, 4, 5, 6, 7, 8, 0, 1, 2, 3, 4, 5, 6, 7, 8, 9, 10,
                  11, 12, 0, 1, 2, 3, 4, 5, 6, 7, 0, 1, 0, 1, 2, 0, 1, 2, 3, 4,
                  0, 1, 2, 3, 4, 5, 0, 1, 2, 3, 4, 5, 6, 0, 1, 2, 0, 1, 2, 3, 4,
                  5, 6, 7, 8, 9, 10, 11, 12, 13, 14, 0, 1, 2, 3, 4, 5, 6, 7, 8,
                  9, 10, 11, 12, 13, 14, 15, 16, 17, 18, 19, 20, 0, 1, 2, 3, 4,
                  5, 0, 1, 2, 3, 4, 5, 6, 7, 8, 9, 10, 11, 12, 13, 14, 15, 0, 1,
                  2, 3, 4, 5, 0, 1, 2, 3, 4, 5, 6, 7, 8, 9, 10, 11, 12, 13, 14,
                  15
               }
            }
            DATASET "start_diameter" {
               DATATYPE  H5T_IEEE_F32LE
               DATASPACE  SIMPLE { ( 587 ) / ( 587 ) }
               DATA {
                  1.32287, 1.32287, 1.32287, 1.32287, 1.32287, 2.16243, 2.10429,
                  2.10429, 2.10429, 2.10429, 2.10429, 2.10429, 2.10429, 2.10429,
                  2.10429, 2.10429, 2.10429, 2.10429, 2.10429, 2.10429, 2.10429,
                  2.10429, 2.10429, 2.10429, 2.10429, 2.10429, 2.10429, 2.10429,
                  2.10429, 2.10429, 2.10429, 2.10429, 2.10429, 2.10429, 2.10429,
                  2.10429, 2.10429, 2.10429, 2.10429, 2.10429, 2.10429, 2.10429,
                  2.10429, 2.10429, 2.10429, 2.10429, 2.10429, 2.10429, 2.10429,
                  2.10429, 2.10429, 2.10429, 2.10429, 2.10429, 2.10429, 2.10429,
                  2.10429, 2.16243, 2.16243, 2.16243, 2.16243, 2.16243, 2.16243,
                  2.16243, 2.16243, 2.16243, 2.16243, 2.16243, 2.16243, 2.16243,
                  2.16243, 2.16243, 2.16243, 2.16243, 2.16243, 2.16243, 2.16243,
                  2.16243, 2.16243, 2.16243, 2.16243, 2.16243, 2.16243, 2.16243,
                  2.16243, 2.7426, 2.7426, 2.7426, 2.7426, 2.7426, 2.7426,
                  2.7426, 2.7426, 2.7426, 2.35081, 2.35081, 1.17139, 1.17139,
                  1.17139, 1.17139, 1.17139, 1.17139, 1.17139, 1.17139, 1.17139,
                  1.17139, 1.17139, 1.17139, 1.17139, 1.17139, 2.35081, 2.2079,
                  2.2079, 2.2079, 1.53182, 1.53182, 1.53182, 1.53182, 1.53182,
                  2.2079, 2.0615, 1.3381, 1.3381, 1.3381, 1.3381, 2.0615,
                  2.0615, 2.0615, 2.0615, 1.68081, 1.68081, 1.68081, 1.68081,
                  2.0615, 1.98039, 1.98039, 1.98039, 1.98039, 1.98039, 1.98039,
                  1.98039, 1.98039, 1.98039, 1.98039, 1.98039, 1.98039, 1.98039,
                  1.98039, 1.98039, 1.98039, 1.98039, 1.74304, 1.16026, 1.16026,
                  1.16026, 2.7426, 2.16717, 2.16717, 2.16717, 2.16717, 2.16717,
                  2.17096, 2.17096, 2.17096, 2.17096, 2.17096, 2.17096, 2.17096,
                  2.17096, 2.17096, 2.17096, 2.17096, 2.17096, 2.17096, 1.69727,
                  1.69727, 1.69727, 2.17096, 2.12851, 2.12851, 2.12851, 2.12851,
                  2.12851, 2.12851, 2.12851, 2.17096, 1.44786, 1.44786, 1.44786,
                  1.44786, 2.23319, 2.23319, 2.23319, 2.23319, 2.23319, 2.23319,
                  2.23319, 2.23319, 2.23319, 2.23319, 2.23319, 2.23319, 2.23319,
                  2.23319, 1.27419, 1.27419, 1.27419, 0.699973, 0.699973,
                  0.699973, 1.27419, 0.769512, 0.769512, 0.769512, 0.769512,
                  0.769512, 0.769512, 0.721287, 0.721287, 0.721287, 0.750469,
                  0.738578, 0.738578, 0.738578, 0.738578, 0.750469, 2.23319,
                  2.23319, 1.06343, 1.06343, 1.06343, 1.06343, 1.06343, 1.06343,
                  1.93654, 1.07708, 1.07708, 1.07708, 1.07708, 1.07708, 1.07708,
                  1.07708, 1.93654, 1.93654, 2.2559, 2.2559, 2.2559, 2.2559,
                  2.2559, 2.2559, 2.2559, 2.2559, 1.25586, 1.25586, 1.25586,
                  1.25586, 1.25586, 2.2559, 1.22957, 1.22957, 1.22957, 1.22957,
                  2.2559, 2.11237, 2.11237, 2.23697, 2.23697, 2.23697, 2.23697,
                  2.23697, 2.23697, 2.23697, 2.23697, 1.39695, 1.39695, 1.39695,
                  2.23697, 2.1529, 2.23697, 1.04727, 1.04727, 1.04727, 1.04727,
                  1.04727, 1.04727, 1.04727, 1.16853, 1.16853, 1.16853, 1.16853,
                  1.16853, 1.16853, 2.29729, 2.29729, 2.29729, 1.2322, 1.2322,
                  1.2322, 1.2322, 1.2322, 0.952684, 0.952684, 0.952684,
                  0.952684, 0.952684, 0.952684, 0.952684, 0.952684, 0.952684,
                  0.952684, 0.952684, 0.952684, 2.20227, 2.20227, 2.20227,
                  2.20227, 2.20227, 2.20227, 2.09654, 2.09654, 2.09654, 2.09654,
                  2.09654, 2.09654, 2.09654, 2.09654, 2.09654, 2.09654, 2.09654,
                  2.09654, 2.20227, 1.11242, 1.11242, 1.11242, 1.11242, 1.11242,
                  0.783966, 0.783966, 0.783966, 1.11242, 0.706433, 0.706433,
                  0.706433, 0.706433, 0.706433, 0.706433, 0.856943, 0.856943,
                  0.856943, 0.856943, 0.856943, 1.61504, 0.884084, 0.884084,
                  0.884084, 1.61504, 2.50095, 2.3491, 2.3491, 2.3491, 2.3491,
                  2.3491, 2.3491, 2.3491, 2.3491, 2.3491, 2.3491, 2.3491,
                  2.3491, 2.50095, 2.50095, 2.50095, 2.50095, 2.50095, 2.50095,
                  2.50095, 2.50095, 2.50095, 2.50095, 2.50095, 2.50095, 2.50095,
                  2.50095, 2.50095, 2.50095, 2.50095, 2.50095, 2.50095, 2.50095,
                  2.50095, 2.50095, 2.50095, 2.50095, 2.50095, 2.50095, 2.50095,
                  2.50095, 2.50095, 2.50095, 2.50095, 2.50095, 2.50095, 2.50095,
                  2.49045, 2.49045, 2.49045, 2.49045, 2.49045, 2.49045, 2.50095,
                  2.38493, 2.38493, 2.38493, 2.38493, 2.38493, 2.38493, 2.38493,
                  2.38493, 2.38493, 2.38493, 2.38493, 2.38493, 2.38493, 2.38493,
                  2.38493, 2.38493, 2.38493, 2.38493, 2.38493, 2.38493, 2.38493,
                  2.38493, 2.38493, 2.38493, 2.38493, 2.38493, 2.38493, 2.38493,
                  2.38493, 2.38493, 2.38493, 2.49045, 2.35986, 2.35986, 2.49045,
                  1.25866, 1.25866, 1.25866, 1.25866, 1.25866, 1.25866, 2.67845,
                  1.05378, 1.05378, 1.05378, 1.05378, 1.05378, 1.05378, 1.05378,
                  1.05378, 2.67845, 2.67845, 2.67845, 2.67845, 2.67845, 2.67845,
                  2.67845, 2.67845, 2.67845, 2.67845, 2.67845, 2.67845, 2.67845,
                  2.3491, 2.30881, 2.30881, 2.30881, 2.30881, 2.30881, 2.30881,
                  2.30881, 2.3491, 1.47449, 1.47449, 0.751787, 0.751787,
                  1.47449, 0.718701, 0.718701, 0.718701, 0.718701, 2.44275,
                  2.44275, 2.44275, 2.44275, 2.44275, 2.44275, 2.44275, 1.30368,
                  1.30368, 1.30368, 1.30368, 1.30368, 1.30368, 2.72621, 2.72621,
                  2.72621, 2.72621, 1.63895, 1.63895, 1.63895, 1.63895, 1.63895,
                  1.63895, 1.63895, 1.63895, 1.63895, 1.63895, 1.63895, 1.63895,
                  1.63895, 1.63895, 1.83768, 1.83768, 1.83768, 1.83768, 1.83768,
                  1.83768, 1.83768, 1.83768, 1.83768, 1.83768, 1.83768, 1.83768,
                  1.83768, 1.83768, 1.83768, 1.83768, 1.83768, 1.83768, 1.83768,
                  1.83768, 1.83768, 1.83768, 1.02174, 1.02174, 1.02174, 1.02174,
                  1.02174, 1.42595, 1.42595, 1.42595, 1.42595, 1.42595, 1.42595,
                  1.42595, 1.42595, 1.42595, 1.42595, 1.42595, 1.42595, 1.42595,
                  1.42595, 1.42595, 1.42595, 1.42595, 0.781905, 0.781905,
                  0.781905, 0.781905, 0.781905, 2.72621, 2.49546, 2.49546,
                  2.49546, 2.49546, 2.49546, 2.49546, 2.49546, 2.49546, 2.49546,
                  2.49546, 2.49546, 2.49546, 2.49546, 2.49546, 2.49546
               }
            }
            DATASET "start_node" {
               DATATYPE  H5T_STD_U64LE
               DATASPACE  SIMPLE { ( 587 ) / ( 587 ) }
               DATA {
                  0, 1, 2, 3, 4, 5, 6, 7, 8, 9, 10, 11, 12, 13, 14, 15, 16, 17,
                  18, 19, 20, 21, 22, 23, 24, 25, 26, 27, 28, 29, 30, 31, 32,
                  33, 34, 35, 36, 37, 38, 39, 40, 41, 42, 43, 44, 45, 46, 47,
                  48, 49, 50, 51, 52, 53, 54, 55, 56, 5, 58, 59, 60, 61, 62, 63,
                  64, 65, 66, 67, 68, 69, 70, 71, 72, 73, 74, 75, 76, 77, 78,
                  79, 80, 81, 82, 83, 84, 57, 86, 87, 88, 89, 90, 91, 92, 57,
                  94, 95, 96, 97, 98, 99, 100, 101, 102, 103, 104, 105, 106,
                  107, 108, 109, 95, 111, 112, 113, 114, 115, 116, 117, 118,
                  113, 120, 121, 122, 123, 124, 120, 126, 127, 128, 129, 130,
                  131, 132, 128, 134, 135, 136, 137, 138, 139, 140, 141, 142,
                  143, 144, 145, 146, 147, 148, 149, 150, 110, 152, 153, 154,
                  93, 156, 157, 158, 159, 160, 161, 162, 163, 164, 165, 166,
                  167, 168, 169, 170, 171, 172, 161, 174, 175, 176, 173, 178,
                  179, 180, 181, 182, 183, 184, 173, 186, 187, 188, 189, 185,
                  191, 192, 193, 194, 195, 196, 197, 198, 199, 200, 201, 202,
                  185, 204, 205, 206, 207, 208, 209, 206, 211, 212, 213, 214,
                  215, 216, 210, 210, 219, 218, 221, 222, 223, 224, 218, 203,
                  203, 228, 229, 230, 231, 232, 233, 227, 235, 236, 237, 238,
                  239, 240, 241, 227, 243, 244, 245, 246, 247, 248, 249, 250,
                  244, 252, 253, 254, 255, 256, 251, 258, 259, 260, 261, 251,
                  263, 264, 265, 266, 267, 268, 269, 270, 271, 265, 273, 274,
                  275, 272, 277, 272, 279, 280, 281, 282, 283, 284, 285, 286,
                  286, 288, 289, 290, 291, 278, 292, 292, 294, 295, 296, 297,
                  287, 298, 299, 300, 301, 302, 303, 304, 305, 306, 307, 308,
                  309, 310, 311, 312, 313, 314, 310, 315, 316, 317, 318, 319,
                  320, 321, 322, 323, 324, 325, 326, 293, 328, 329, 330, 331,
                  332, 333, 334, 335, 332, 337, 338, 339, 340, 341, 342, 344,
                  345, 346, 347, 348, 349, 350, 351, 352, 349, 354, 355, 356,
                  357, 358, 359, 360, 361, 362, 363, 364, 365, 366, 354, 368,
                  369, 370, 371, 372, 373, 374, 375, 376, 377, 378, 379, 380,
                  381, 382, 383, 384, 385, 386, 387, 388, 389, 390, 391, 392,
                  393, 394, 395, 396, 397, 398, 399, 400, 401, 402, 403, 404,
                  405, 406, 400, 408, 409, 410, 411, 412, 413, 414, 415, 416,
                  417, 418, 419, 420, 421, 422, 423, 424, 425, 426, 427, 428,
                  429, 430, 431, 432, 433, 434, 435, 436, 437, 438, 407, 440,
                  441, 407, 443, 444, 445, 446, 447, 448, 442, 450, 451, 452,
                  453, 454, 455, 456, 457, 442, 459, 460, 461, 462, 463, 464,
                  465, 466, 467, 468, 469, 470, 367, 472, 473, 474, 475, 476,
                  477, 478, 367, 480, 481, 482, 483, 481, 485, 486, 487, 488,
                  479, 490, 491, 492, 493, 494, 479, 496, 497, 498, 499, 500,
                  501, 495, 503, 504, 495, 506, 507, 508, 509, 510, 511, 512,
                  513, 514, 515, 516, 517, 518, 519, 520, 521, 522, 523, 524,
                  525, 526, 527, 528, 529, 530, 531, 532, 533, 534, 535, 536,
                  537, 538, 539, 540, 520, 542, 543, 544, 545, 546, 547, 548,
                  549, 550, 551, 552, 553, 554, 555, 556, 557, 558, 559, 560,
                  561, 562, 547, 563, 564, 565, 566, 567, 505, 569, 570, 571,
                  572, 573, 574, 575, 576, 577, 578, 579, 580, 581, 582, 583
               }
            }
            DATASET "start_x" {
               DATATYPE  H5T_IEEE_F32LE
               DATASPACE  SIMPLE { ( 587 ) / ( 587 ) }
               DATA {
                  1307.6, 1306.53, 1305.55, 1304.57, 1303.59, 1302.7, 1303.41,
                  1303.93, 1304.4, 1304.83, 1305.21, 1305.56, 1305.91, 1306.32,
                  1306.8, 1307.35, 1307.97, 1308.61, 1309.27, 1309.93, 1310.58,
                  1311.22, 1311.84, 1312.43, 1313, 1313.52, 1314.01, 1314.51,
                  1315.05, 1315.65, 1316.32, 1317.04, 1317.8, 1318.58, 1319.37,
                  1320.16, 1320.94, 1321.7, 1322.42, 1323.1, 1323.72, 1324.26,
                  1324.68, 1324.97, 1325.14, 1325.2, 1325.19, 1325.11, 1324.97,
                  1324.8, 1324.6, 1324.39, 1324.19, 1324.01, 1323.85, 1323.71,
                  1323.59, 1302.7, 1301.9, 1301.18, 1300.45, 1299.74, 1299.02,
                  1298.3, 1297.59, 1296.88, 1296.17, 1295.46, 1294.75, 1294.03,
                  1293.31, 1292.58, 1291.84, 1291.09, 1290.34, 1289.59, 1288.84,
                  1288.07, 1287.28, 1286.45, 1285.59, 1284.7, 1283.77, 1282.83,
                  1281.86, 1323.7, 1322.72, 1321.88, 1321.12, 1320.42, 1319.76,
                  1319.12, 1318.46, 1323.7, 1324.71, 1325.8, 1326.01, 1326.13,
                  1326.24, 1326.3, 1326.25, 1326.05, 1325.65, 1325.05, 1324.22,
                  1323.24, 1322.26, 1321.33, 1320.46, 1319.59, 1325.8, 1326.75,
                  1327.7, 1328.6, 1329.03, 1329.33, 1329.63, 1329.93, 1330.22,
                  1328.6, 1329.3, 1329.3, 1329.3, 1329.3, 1329.3, 1329.3,
                  1330.12, 1331.04, 1332.1, 1332.26, 1332.21, 1332.22, 1332.29,
                  1332.1, 1332.94, 1333.66, 1334.36, 1335.05, 1335.69, 1336.29,
                  1336.85, 1337.4, 1337.94, 1338.48, 1339.04, 1339.62, 1340.23,
                  1340.88, 1341.56, 1342.28, 1343.02, 1319.03, 1318.86, 1318.83,
                  1318.79, 1318.1, 1317.36, 1316.54, 1315.72, 1314.9, 1314.1,
                  1313.2, 1312.19, 1311.37, 1310.57, 1309.83, 1309.23, 1308.83,
                  1308.7, 1308.79, 1309.02, 1309.32, 1309.74, 1313.2, 1313.92,
                  1314.49, 1315.09, 1310.4, 1310.36, 1310.18, 1309.99, 1309.78,
                  1309.52, 1309.22, 1308.9, 1310.4, 1311.06, 1311.91, 1312.77,
                  1313.62, 1308.3, 1307.74, 1307.31, 1306.87, 1306.41, 1305.95,
                  1305.46, 1304.95, 1304.43, 1303.88, 1303.32, 1302.75, 1302.14,
                  1308.3, 1309.07, 1310.02, 1311.1, 1311.1, 1311.1, 1311.1,
                  1311.1, 1311.99, 1313.02, 1314.03, 1315.05, 1316.07, 1317.08,
                  1311.1, 1311.1, 1310.4, 1312.03, 1313.14, 1314.2, 1315.24,
                  1316.27, 1312.03, 1301.3, 1301.3, 1300.74, 1299.99, 1299.19,
                  1298.38, 1297.53, 1296.67, 1302, 1302.7, 1303.57, 1304.44,
                  1305.33, 1306.22, 1307.12, 1308.02, 1302, 1301.27, 1300.6,
                  1299.99, 1299.65, 1299.28, 1298.92, 1298.56, 1298.17, 1300.6,
                  1301.12, 1301.38, 1301.59, 1301.71, 1301.74, 1298.03, 1298.77,
                  1299.5, 1300.05, 1300.22, 1298.03, 1297.53, 1297.21, 1297.1,
                  1296.69, 1296.39, 1296.09, 1295.79, 1295.49, 1295.17, 1297.1,
                  1298, 1299.08, 1300.14, 1295, 1294.45, 1295, 1295.61, 1296.3,
                  1297.01, 1297.69, 1298.32, 1298.74, 1298.64, 1297.8, 1297.8,
                  1297.01, 1296.27, 1295.53, 1294.79, 1294.07, 1293.13, 1293.13,
                  1293.94, 1294.68, 1295.45, 1296.18, 1297.1, 1297.7, 1297.75,
                  1297.64, 1297.28, 1296.59, 1295.68, 1294.69, 1293.69, 1292.7,
                  1291.75, 1290.83, 1289.96, 1289.4, 1289.84, 1290.36, 1290.86,
                  1291.38, 1289.4, 1289.27, 1288.89, 1288.47, 1288.03, 1287.56,
                  1287.03, 1286.44, 1285.78, 1285.04, 1284.24, 1283.39, 1282.5,
                  1291.73, 1291.13, 1290.69, 1290.29, 1289.95, 1289.87, 1290.43,
                  1290.35, 1289.88, 1289.87, 1288.96, 1288.22, 1287.45, 1286.69,
                  1285.92, 1285.16, 1299.2, 1298.41, 1297.57, 1296.69, 1295.78,
                  1295.23, 1296.36, 1297.54, 1298.72, 1295.23, 1293.83, 1293.93,
                  1294.2, 1294.46, 1294.7, 1294.93, 1295.14, 1295.34, 1295.5,
                  1295.65, 1295.79, 1295.92, 1296.04, 1293.83, 1293.11, 1292.63,
                  1292.11, 1291.6, 1291.12, 1290.65, 1290.19, 1289.76, 1289.36,
                  1289, 1288.69, 1288.46, 1288.31, 1288.29, 1288.38, 1288.58,
                  1288.87, 1289.21, 1289.6, 1290.01, 1290.43, 1290.85, 1291.25,
                  1291.62, 1291.96, 1292.25, 1292.5, 1292.69, 1292.84, 1292.96,
                  1293.04, 1293.1, 1292.9, 1292.89, 1292.72, 1292.54, 1292.36,
                  1292.21, 1292.07, 1292.9, 1292.38, 1291.92, 1291.46, 1290.99,
                  1290.53, 1290.07, 1289.61, 1289.14, 1288.68, 1288.23, 1287.79,
                  1287.36, 1286.94, 1286.54, 1286.16, 1285.8, 1285.46, 1285.14,
                  1284.84, 1284.55, 1284.27, 1283.99, 1283.71, 1283.43, 1283.17,
                  1282.91, 1282.66, 1282.42, 1282.2, 1281.99, 1281.79, 1292.43,
                  1291.63, 1290.86, 1292.43, 1293.18, 1294.05, 1295.06, 1296.08,
                  1297.09, 1298.14, 1290.33, 1290.88, 1291.7, 1292.58, 1293.62,
                  1294.69, 1295.75, 1296.83, 1297.81, 1290.33, 1289.47, 1288.81,
                  1288.11, 1287.42, 1286.73, 1286.04, 1285.36, 1284.67, 1283.98,
                  1283.29, 1282.6, 1281.92, 1296.4, 1296.36, 1296.26, 1296.18,
                  1296.21, 1296.47, 1296.89, 1297.36, 1296.4, 1297.46, 1298.5,
                  1299.25, 1300.3, 1298.5, 1298.95, 1299.04, 1299.14, 1299.24,
                  1298.03, 1297.88, 1298, 1298.12, 1298.24, 1298.36, 1298.03,
                  1298.91, 1299.77, 1300.63, 1301.48, 1302.34, 1303.19, 1298.5,
                  1297.81, 1297.09, 1298.5, 1299.08, 1300, 1300.95, 1301.93,
                  1302.9, 1303.89, 1304.89, 1305.89, 1306.87, 1307.83, 1308.75,
                  1309.64, 1310.5, 1311.29, 1311.8, 1312.66, 1313.55, 1314.47,
                  1315.43, 1316.43, 1317.42, 1318.34, 1319.19, 1320.01, 1320.81,
                  1321.6, 1322.38, 1323.16, 1323.98, 1324.89, 1325.86, 1326.74,
                  1327.52, 1328.23, 1328.93, 1311.8, 1312.15, 1312.02, 1311.57,
                  1310.98, 1310.36, 1309.7, 1308.86, 1307.83, 1306.81, 1305.81,
                  1304.83, 1303.86, 1302.88, 1301.87, 1300.9, 1300.02, 1299.25,
                  1298.58, 1297.96, 1297.36, 1296.81, 1309.7, 1308.92, 1308.24,
                  1307.55, 1306.87, 1306.18, 1296.4, 1295.5, 1294.51, 1293.53,
                  1292.55, 1291.57, 1290.58, 1289.6, 1288.62, 1287.64, 1286.66,
                  1285.69, 1284.71, 1283.74, 1282.77, 1281.8
               }
            }
            DATASET "start_y" {
               DATATYPE  H5T_IEEE_F32LE
               DATASPACE  SIMPLE { ( 587 ) / ( 587 ) }
               DATA {
                  469.7, 469.47, 468.835, 468.228, 467.623, 466.9, 466.633,
                  466.564, 466.52, 466.469, 466.397, 466.286, 466.113, 465.874,
                  465.577, 465.24, 464.877, 464.496, 464.1, 463.688, 463.255,
                  462.801, 462.326, 461.828, 461.301, 460.743, 460.161, 459.577,
                  459.017, 458.5, 458.037, 457.628, 457.266, 456.935, 456.617,
                  456.296, 455.956, 455.586, 455.18, 454.736, 454.25, 453.719,
                  453.142, 452.525, 451.882, 451.225, 450.56, 449.894, 449.231,
                  448.57, 447.909, 447.243, 446.572, 445.892, 445.205, 444.514,
                  443.819, 466.9, 466.976, 467.101, 467.223, 467.341, 467.454,
                  467.557, 467.651, 467.735, 467.807, 467.865, 467.91, 467.943,
                  467.974, 468.019, 468.094, 468.221, 468.415, 468.676, 468.982,
                  469.302, 469.601, 469.841, 470.001, 470.081, 470.109, 470.113,
                  470.11, 443.1, 442.8, 442.078, 441.293, 440.455, 439.585,
                  438.697, 437.819, 443.1, 442.571, 442.4, 441.48, 440.509,
                  439.537, 438.554, 437.564, 436.587, 435.664, 434.864, 434.302,
                  434.121, 434.285, 434.639, 435.075, 435.557, 442.4, 442.683,
                  442.981, 443.1, 443.693, 444.379, 445.063, 445.755, 446.426,
                  443.1, 442.4, 441.53, 440.517, 439.512, 438.506, 442.4,
                  443.265, 443.937, 443.8, 442.799, 441.793, 440.787, 439.78,
                  443.8, 444.337, 444.951, 445.569, 446.213, 446.894, 447.602,
                  448.329, 449.066, 449.811, 450.561, 451.314, 452.068, 452.814,
                  453.544, 454.253, 454.928, 455.615, 435.867, 434.909, 433.904,
                  432.902, 436.8, 435.984, 435.289, 434.586, 433.89, 433.178,
                  432.6, 432.323, 431.913, 431.505, 431.087, 430.661, 430.24,
                  429.805, 429.323, 428.785, 428.212, 427.617, 432.6, 431.905,
                  431.014, 430.141, 427, 426.215, 425.227, 424.189, 423.148,
                  422.136, 421.159, 420.177, 427, 427.702, 428.295, 428.881,
                  429.503, 419.3, 418.446, 417.518, 416.595, 415.676, 414.765,
                  413.865, 412.975, 412.096, 411.229, 410.372, 409.525, 408.699,
                  419.3, 418.591, 418.241, 417.9, 416.675, 415.45, 414.225,
                  417.9, 418.377, 418.396, 418.362, 418.339, 418.402, 418.511,
                  413, 413, 411.95, 412.067, 411.952, 411.524, 411.032, 410.491,
                  412.067, 408.1, 408.1, 408.827, 409.465, 410.074, 410.651,
                  411.175, 411.687, 407.4, 406.857, 406.574, 406.314, 406.128,
                  406.006, 405.932, 405.87, 407.4, 406.308, 405.3, 404.491,
                  403.493, 402.509, 401.521, 400.534, 399.55, 405.3, 404.302,
                  403.216, 402.137, 401.051, 399.935, 398.533, 398.054, 397.183,
                  396.203, 395.087, 398.533, 397.808, 397.014, 396.2, 395.396,
                  394.485, 393.582, 392.678, 391.772, 390.874, 396.2, 396.39,
                  396.067, 395.726, 389.9, 389.008, 389.9, 389.307, 388.662,
                  388, 387.32, 386.581, 385.703, 384.711, 384.3, 384.3, 385.091,
                  385.827, 386.568, 387.311, 388.033, 386.633, 386.633, 385.975,
                  385.328, 384.69, 384.004, 383.6, 382.793, 381.802, 380.807,
                  379.875, 379.155, 378.749, 378.597, 378.629, 378.807, 379.112,
                  379.516, 380.005, 380.8, 381.751, 382.673, 383.599, 384.522,
                  380.8, 379.817, 378.895, 377.981, 377.078, 376.195, 375.344,
                  374.538, 373.793, 373.12, 372.523, 372.005, 371.562, 385.467,
                  385.87, 386.769, 387.676, 388.649, 389.667, 390.45, 391.512,
                  392.463, 389.667, 390.005, 390.704, 391.355, 392.015, 392.675,
                  393.336, 447.3, 446.995, 446.309, 445.618, 444.923, 444.033,
                  443.908, 444.1, 444.288, 444.033, 442.867, 441.852, 440.854,
                  439.854, 438.851, 437.844, 436.832, 435.814, 434.792, 433.767,
                  432.741, 431.715, 430.683, 442.867, 443.29, 444.132, 444.884,
                  445.633, 446.365, 447.083, 447.791, 448.497, 449.211, 449.942,
                  450.703, 451.501, 452.342, 453.216, 454.1, 454.975, 455.829,
                  456.664, 457.484, 458.294, 459.1, 459.91, 460.732, 461.57,
                  462.425, 463.296, 464.182, 465.084, 465.996, 466.915, 467.838,
                  468.764, 469.7, 470.637, 471.618, 472.594, 473.57, 474.55,
                  475.54, 469.7, 469.689, 469.778, 469.908, 470.073, 470.271,
                  470.493, 470.684, 470.786, 470.837, 470.904, 471.03, 471.187,
                  471.317, 471.419, 471.522, 471.577, 471.592, 471.548, 471.436,
                  471.355, 471.367, 471.382, 471.247, 470.97, 470.619, 470.232,
                  469.796, 469.313, 468.796, 468.269, 467.732, 476.467, 477.296,
                  478.203, 476.467, 477.185, 477.802, 478.104, 477.827, 477.483,
                  477.352, 479.267, 479.824, 480.298, 480.661, 480.731, 480.471,
                  480.196, 480.299, 480.786, 479.267, 479.745, 480.541, 481.294,
                  482.053, 482.811, 483.57, 484.329, 485.089, 485.849, 486.609,
                  487.37, 488.131, 429.8, 428.789, 427.789, 426.788, 425.778,
                  424.8, 423.913, 423.028, 429.8, 429.989, 429.1, 428.365,
                  427.959, 429.1, 429.791, 430.828, 431.875, 432.936, 422.567,
                  421.574, 420.759, 420.045, 419.456, 418.954, 422.567, 422.898,
                  423.505, 424.082, 424.66, 425.235, 425.821, 418.6, 417.906,
                  417.194, 418.6, 418.293, 418.187, 418.174, 418.285, 418.485,
                  418.683, 418.788, 418.783, 418.734, 418.679, 418.62, 418.547,
                  418.452, 418.289, 417.9, 418.458, 418.956, 419.405, 419.738,
                  419.881, 419.834, 419.568, 419.173, 418.752, 418.345, 417.97,
                  417.624, 417.282, 416.97, 416.823, 417.05, 417.606, 418.292,
                  419.031, 419.777, 417.9, 416.904, 415.852, 414.89, 414.007,
                  413.141, 412.3, 412.873, 412.888, 412.818, 412.627, 412.338,
                  412.016, 411.755, 411.688, 411.914, 412.372, 412.988, 413.695,
                  414.44, 415.209, 415.933, 412.3, 411.56, 410.726, 409.899,
                  409.068, 408.239, 416.5, 416.472, 416.228, 416, 415.769,
                  415.536, 415.301, 415.063, 414.822, 414.577, 414.327, 414.072,
                  413.811, 413.545, 413.273, 412.996
               }
            }
            DATASET "start_z" {
               DATATYPE  H5T_IEEE_F32LE
               DATASPACE  SIMPLE { ( 587 ) / ( 587 ) }
               DATA {
                  1868.3, 1868.14, 1868.18, 1868.21, 1868.23, 1868.3, 1868.99,
                  1869.85, 1870.75, 1871.68, 1872.61, 1873.56, 1874.5, 1875.41,
                  1876.25, 1877.03, 1877.76, 1878.45, 1879.12, 1879.77, 1880.43,
                  1881.08, 1881.73, 1882.38, 1883.05, 1883.72, 1884.39, 1885.06,
                  1885.71, 1886.35, 1886.96, 1887.56, 1888.13, 1888.69, 1889.24,
                  1889.8, 1890.36, 1890.93, 1891.52, 1892.13, 1892.77, 1893.46,
                  1894.18, 1894.93, 1895.7, 1896.48, 1897.25, 1898.01, 1898.77,
                  1899.53, 1900.27, 1901.02, 1901.75, 1902.49, 1903.22, 1903.95,
                  1904.69, 1868.3, 1867.71, 1867.03, 1866.35, 1865.66, 1864.97,
                  1864.28, 1863.58, 1862.88, 1862.18, 1861.48, 1860.78, 1860.08,
                  1859.39, 1858.71, 1858.04, 1857.39, 1856.76, 1856.15, 1855.57,
                  1855.02, 1854.48, 1853.97, 1853.49, 1853.05, 1852.66, 1852.34,
                  1852.07, 1905.4, 1905.14, 1905.21, 1905.26, 1905.29, 1905.33,
                  1905.37, 1905.41, 1905.4, 1906.07, 1906.8, 1907.15, 1907.38,
                  1907.62, 1907.83, 1908, 1908.13, 1908.21, 1908.24, 1908.21,
                  1908.11, 1907.96, 1907.77, 1907.54, 1907.33, 1906.8, 1907.47,
                  1908.12, 1908.9, 1908.12, 1907.36, 1906.59, 1905.84, 1905.04,
                  1908.9, 1909.6, 1909.11, 1909.04, 1908.95, 1908.85, 1909.6,
                  1909.94, 1910.52, 1911, 1910.94, 1910.73, 1910.54, 1910.35,
                  1911, 1911.16, 1911.54, 1911.92, 1912.31, 1912.7, 1913.11,
                  1913.53, 1913.95, 1914.38, 1914.8, 1915.19, 1915.54, 1915.85,
                  1916.12, 1916.36, 1916.57, 1916.77, 1906.57, 1906.74, 1906.77,
                  1906.81, 1905.4, 1905.34, 1905.07, 1904.81, 1904.55, 1904.29,
                  1904, 1903.86, 1903.33, 1902.79, 1902.16, 1901.4, 1900.52,
                  1899.57, 1898.63, 1897.76, 1896.92, 1896.17, 1904, 1904.5,
                  1904.86, 1905.24, 1895.6, 1894.88, 1894.52, 1894.38, 1894.31,
                  1894.1, 1893.8, 1893.54, 1895.6, 1895.17, 1895.07, 1894.97,
                  1894.86, 1893.5, 1893.36, 1893.24, 1893.12, 1892.99, 1892.87,
                  1892.75, 1892.63, 1892.51, 1892.39, 1892.27, 1892.16, 1892.06,
                  1893.5, 1894.25, 1895.04, 1895.6, 1895.6, 1895.6, 1895.6,
                  1895.6, 1895.65, 1895.78, 1895.91, 1896.04, 1896.17, 1896.31,
                  1895.6, 1895.6, 1895.6, 1895.6, 1895.6, 1895.6, 1895.6,
                  1895.6, 1895.6, 1892.1, 1892.1, 1892.55, 1892.76, 1892.95,
                  1893.14, 1893.34, 1893.57, 1891.4, 1891.9, 1892.36, 1892.82,
                  1893.28, 1893.76, 1894.23, 1894.72, 1891.4, 1891.57, 1892.1,
                  1891.8, 1891.66, 1891.52, 1891.38, 1891.24, 1891.1, 1892.1,
                  1892.08, 1892.3, 1892.58, 1892.89, 1893.15, 1890.93, 1891.61,
                  1891.81, 1891.91, 1891.79, 1890.93, 1890.21, 1889.41, 1888.6,
                  1888.16, 1887.85, 1887.53, 1887.21, 1886.89, 1886.55, 1888.6,
                  1887.79, 1887.26, 1886.71, 1886.5, 1886.5, 1886.5, 1887.04,
                  1887.39, 1887.68, 1887.96, 1888.23, 1888.49, 1888.74, 1888.6,
                  1888.6, 1888.38, 1887.91, 1887.45, 1887.01, 1886.5, 1886.5,
                  1886.5, 1886.82, 1887.3, 1887.74, 1888.2, 1888.6, 1888.83,
                  1888.74, 1888.63, 1888.5, 1888.37, 1888.24, 1888.11, 1887.99,
                  1887.87, 1887.75, 1887.63, 1887.5, 1887.2, 1887.03, 1886.88,
                  1886.73, 1886.56, 1887.2, 1886.98, 1887.06, 1887.16, 1887.27,
                  1887.38, 1887.5, 1887.63, 1887.77, 1887.92, 1888.07, 1888.23,
                  1888.4, 1886.73, 1887.5, 1887.94, 1888.35, 1888.68, 1888.6,
                  1888.45, 1888.5, 1888.54, 1888.6, 1888.6, 1888.6, 1888.6,
                  1888.6, 1888.6, 1888.6, 1867.6, 1866.85, 1866.5, 1866.33,
                  1866.36, 1866.43, 1866.26, 1866.23, 1866.19, 1866.43, 1866.9,
                  1866.91, 1866.99, 1867.08, 1867.16, 1867.24, 1867.3, 1867.34,
                  1867.35, 1867.34, 1867.3, 1867.26, 1867.21, 1866.9, 1866.99,
                  1867.46, 1867.88, 1868.35, 1868.85, 1869.4, 1869.97, 1870.56,
                  1871.16, 1871.76, 1872.36, 1872.94, 1873.49, 1874, 1874.49,
                  1874.97, 1875.44, 1875.9, 1876.36, 1876.81, 1877.26, 1877.71,
                  1878.15, 1878.59, 1879.02, 1879.45, 1879.87, 1880.3, 1880.72,
                  1881.13, 1881.55, 1881.95, 1882.3, 1881.66, 1881.12, 1880.57,
                  1880.02, 1879.47, 1878.9, 1882.3, 1883.18, 1884.09, 1885,
                  1885.9, 1886.79, 1887.68, 1888.58, 1889.49, 1890.4, 1891.32,
                  1892.24, 1893.16, 1894.08, 1895.02, 1895.97, 1896.93, 1897.9,
                  1898.87, 1899.84, 1900.82, 1901.81, 1902.8, 1903.77, 1904.72,
                  1905.65, 1906.56, 1907.46, 1908.33, 1909.19, 1910.04, 1910.89,
                  1878.57, 1877.93, 1877.36, 1878.57, 1878.76, 1878.75, 1878.77,
                  1878.78, 1878.8, 1878.82, 1876.93, 1877.7, 1878.28, 1878.82,
                  1879.16, 1879.16, 1879.07, 1879.09, 1879.24, 1876.93, 1876.97,
                  1877.08, 1877.17, 1877.27, 1877.36, 1877.46, 1877.55, 1877.65,
                  1877.75, 1877.84, 1877.94, 1878.03, 1867.6, 1867.56, 1867.41,
                  1867.27, 1867.19, 1867.26, 1867.49, 1867.76, 1867.6, 1868.51,
                  1869, 1869.43, 1869.65, 1869, 1869.71, 1870.01, 1870.26,
                  1870.48, 1868.3, 1868.55, 1869.33, 1870.19, 1871.14, 1872.14,
                  1868.3, 1868.63, 1868.64, 1868.63, 1868.57, 1868.47, 1868.37,
                  1873.2, 1873.68, 1874.12, 1873.2, 1873.98, 1874.36, 1874.7,
                  1874.95, 1875.12, 1875.24, 1875.34, 1875.48, 1875.69, 1876.01,
                  1876.41, 1876.89, 1877.42, 1878, 1878.8, 1879, 1879.21,
                  1879.42, 1879.64, 1879.91, 1880.24, 1880.64, 1881.09, 1881.59,
                  1882.12, 1882.69, 1883.29, 1883.89, 1884.46, 1884.94, 1885.22,
                  1885.23, 1885.1, 1884.91, 1884.7, 1878.8, 1878.81, 1878.62,
                  1878.45, 1878.31, 1878.15, 1878.1, 1878.21, 1878.16, 1878.1,
                  1878.03, 1877.94, 1877.83, 1877.7, 1877.54, 1877.33, 1877.08,
                  1876.79, 1876.47, 1876.14, 1875.81, 1875.37, 1878.1, 1877.97,
                  1877.82, 1877.67, 1877.52, 1877.36, 1874.6, 1875.01, 1875.01,
                  1875.05, 1875.07, 1875.08, 1875.09, 1875.09, 1875.08, 1875.06,
                  1875.03, 1874.99, 1874.95, 1874.9, 1874.86, 1874.81
               }
            }
            DATASET "type" {
               DATATYPE  H5T_STD_I32LE
               DATASPACE  SIMPLE { ( 587 ) / ( 587 ) }
               DATA {
                  0, 0, 0, 0, 0, 0, 0, 0, 0, 0, 0, 0, 0, 0, 0, 0, 0, 0, 0, 0, 0,
                  0, 0, 0, 0, 0, 0, 0, 0, 0, 0, 0, 0, 0, 0, 0, 0, 0, 0, 0, 0, 0,
                  0, 0, 0, 0, 0, 0, 0, 0, 0, 0, 0, 0, 0, 0, 0, 0, 0, 0, 0, 0, 0,
                  0, 0, 0, 0, 0, 0, 0, 0, 0, 0, 0, 0, 0, 0, 0, 0, 0, 0, 0, 0, 0,
                  0, 0, 0, 0, 0, 0, 0, 0, 0, 0, 0, 0, 0, 0, 0, 0, 0, 0, 0, 0, 0,
                  0, 0, 0, 0, 0, 0, 0, 0, 0, 0, 0, 0, 0, 0, 0, 0, 0, 0, 0, 0, 0,
                  0, 0, 0, 0, 0, 0, 0, 0, 0, 0, 0, 0, 0, 0, 0, 0, 0, 0, 0, 0, 0,
                  0, 0, 0, 0, 0, 0, 0, 0, 0, 0, 0, 0, 0, 0, 0, 0, 0, 0, 0, 0, 0,
                  0, 0, 0, 0, 0, 0, 0, 0, 0, 0, 0, 0, 0, 0, 0, 0, 0, 0, 0, 0, 0,
                  0, 0, 0, 0, 0, 0, 0, 0, 0, 0, 0, 0, 0, 0, 0, 0, 0, 0, 0, 0, 0,
                  0, 0, 0, 0, 0, 0, 0, 0, 0, 0, 0, 0, 0, 0, 0, 0, 0, 0, 0, 0, 0,
                  0, 0, 0, 0, 0, 0, 0, 0, 0, 0, 0, 0, 0, 0, 0, 0, 0, 0, 0, 0, 0,
                  0, 0, 0, 0, 0, 0, 0, 0, 0, 0, 0, 0, 0, 0, 0, 0, 0, 0, 0, 0, 0,
                  0, 0, 0, 0, 0, 0, 0, 0, 0, 0, 0, 0, 0, 0, 0, 0, 0, 0, 0, 0, 0,
                  0, 0, 0, 0, 0, 0, 0, 0, 0, 0, 0, 0, 0, 0, 0, 0, 0, 0, 0, 0, 0,
                  0, 0, 0, 0, 0, 0, 0, 0, 0, 0, 0, 0, 0, 0, 0, 0, 0, 0, 0, 0, 0,
                  0, 0, 0, 0, 0, 0, 0, 0, 0, 0, 0, 0, 0, 0, 0, 0, 0, 0, 0, 0, 0,
                  0, 0, 0, 0, 0, 0, 0, 0, 0, 0, 0, 0, 0, 0, 0, 0, 0, 0, 0, 0, 0,
                  0, 0, 0, 0, 0, 0, 0, 0, 0, 0, 0, 0, 0, 0, 0, 0, 0, 0, 0, 0, 0,
                  0, 0, 0, 0, 0, 0, 0, 0, 0, 0, 0, 0, 0, 0, 0, 0, 0, 0, 0, 0, 0,
                  0, 0, 0, 0, 0, 0, 0, 0, 0, 0, 0, 0, 0, 0, 0, 0, 0, 0, 0, 0, 0,
                  0, 0, 0, 0, 0, 0, 0, 0, 0, 0, 0, 0, 0, 0, 0, 0, 0, 0, 0, 0, 0,
                  0, 0, 0, 0, 0, 0, 0, 0, 0, 0, 0, 0, 0, 0, 0, 0, 0, 0, 0, 0, 0,
                  0, 0, 0, 0, 0, 0, 0, 0, 0, 0, 0, 0, 0, 0, 0, 0, 0, 0, 0, 0, 0,
                  0, 0, 0, 0, 0, 0, 0, 0, 0, 0, 0, 0, 0, 0, 0, 0, 0, 0, 0, 0, 0,
                  0, 0, 0, 0, 0, 0, 0, 0, 0, 0, 0, 0, 0, 0, 0, 0, 0, 0, 0, 0, 0,
                  0, 0, 0, 0, 0, 0, 0, 0, 0, 0, 0, 0, 0, 0, 0, 0, 0, 0, 0, 0, 0,
                  0, 0, 0, 0, 0, 0, 0, 0, 0, 0, 0, 0, 0, 0, 0, 0, 0, 0, 0, 0
               }
            }
         }
         DATASET "node_type_id" {
            DATATYPE  H5T_STD_I64LE
            DATASPACE  SIMPLE { ( 587 ) / ( 587 ) }
            DATA {
               -1, -1, -1, -1, -1, -1, -1, -1, -1, -1, -1, -1, -1, -1, -1, -1,
               -1, -1, -1, -1, -1, -1, -1, -1, -1, -1, -1, -1, -1, -1, -1, -1,
               -1, -1, -1, -1, -1, -1, -1, -1, -1, -1, -1, -1, -1, -1, -1, -1,
               -1, -1, -1, -1, -1, -1, -1, -1, -1, -1, -1, -1, -1, -1, -1, -1,
               -1, -1, -1, -1, -1, -1, -1, -1, -1, -1, -1, -1, -1, -1, -1, -1,
               -1, -1, -1, -1, -1, -1, -1, -1, -1, -1, -1, -1, -1, -1, -1, -1,
               -1, -1, -1, -1, -1, -1, -1, -1, -1, -1, -1, -1, -1, -1, -1, -1,
               -1, -1, -1, -1, -1, -1, -1, -1, -1, -1, -1, -1, -1, -1, -1, -1,
               -1, -1, -1, -1, -1, -1, -1, -1, -1, -1, -1, -1, -1, -1, -1, -1,
               -1, -1, -1, -1, -1, -1, -1, -1, -1, -1, -1, -1, -1, -1, -1, -1,
               -1, -1, -1, -1, -1, -1, -1, -1, -1, -1, -1, -1, -1, -1, -1, -1,
               -1, -1, -1, -1, -1, -1, -1, -1, -1, -1, -1, -1, -1, -1, -1, -1,
               -1, -1, -1, -1, -1, -1, -1, -1, -1, -1, -1, -1, -1, -1, -1, -1,
               -1, -1, -1, -1, -1, -1, -1, -1, -1, -1, -1, -1, -1, -1, -1, -1,
               -1, -1, -1, -1, -1, -1, -1, -1, -1, -1, -1, -1, -1, -1, -1, -1,
               -1, -1, -1, -1, -1, -1, -1, -1, -1, -1, -1, -1, -1, -1, -1, -1,
               -1, -1, -1, -1, -1, -1, -1, -1, -1, -1, -1, -1, -1, -1, -1, -1,
               -1, -1, -1, -1, -1, -1, -1, -1, -1, -1, -1, -1, -1, -1, -1, -1,
               -1, -1, -1, -1, -1, -1, -1, -1, -1, -1, -1, -1, -1, -1, -1, -1,
               -1, -1, -1, -1, -1, -1, -1, -1, -1, -1, -1, -1, -1, -1, -1, -1,
               -1, -1, -1, -1, -1, -1, -1, -1, -1, -1, -1, -1, -1, -1, -1, -1,
               -1, -1, -1, -1, -1, -1, -1, -1, -1, -1, -1, -1, -1, -1, -1, -1,
               -1, -1, -1, -1, -1, -1, -1, -1, -1, -1, -1, -1, -1, -1, -1, -1,
               -1, -1, -1, -1, -1, -1, -1, -1, -1, -1, -1, -1, -1, -1, -1, -1,
               -1, -1, -1, -1, -1, -1, -1, -1, -1, -1, -1, -1, -1, -1, -1, -1,
               -1, -1, -1, -1, -1, -1, -1, -1, -1, -1, -1, -1, -1, -1, -1, -1,
               -1, -1, -1, -1, -1, -1, -1, -1, -1, -1, -1, -1, -1, -1, -1, -1,
               -1, -1, -1, -1, -1, -1, -1, -1, -1, -1, -1, -1, -1, -1, -1, -1,
               -1, -1, -1, -1, -1, -1, -1, -1, -1, -1, -1, -1, -1, -1, -1, -1,
               -1, -1, -1, -1, -1, -1, -1, -1, -1, -1, -1, -1, -1, -1, -1, -1,
               -1, -1, -1, -1, -1, -1, -1, -1, -1, -1, -1, -1, -1, -1, -1, -1,
               -1, -1, -1, -1, -1, -1, -1, -1, -1, -1, -1, -1, -1, -1, -1, -1,
               -1, -1, -1, -1, -1, -1, -1, -1, -1, -1, -1, -1, -1, -1, -1, -1,
               -1, -1, -1, -1, -1, -1, -1, -1, -1, -1, -1, -1, -1, -1, -1, -1,
               -1, -1, -1, -1, -1, -1, -1, -1, -1, -1, -1, -1, -1, -1, -1, -1,
               -1, -1, -1, -1, -1, -1, -1, -1, -1, -1, -1, -1, -1, -1, -1, -1,
               -1, -1, -1, -1, -1, -1, -1, -1, -1, -1, -1
            }
         }
      }
   }
}
}
